300 800
47 4
1258 653
1107 149
1692 519
1907 158
1809 117
2471 694
2891 442
939 741
2351 601
2364 509
332 100
2535 653
797 525
2484 755
1340 662
680 343
2777 390
2427 781
2631 570
2104 487
2899 752
29 756
2281 79
2819 566
2753 554
1433 696
1511 283
1170 390
2015 125
803 396
532 620
2268 373
2883 331
1397 407
289 160
1124 704
2661 293
1894 50
644 612
373 749
2385 148
1763 499
677 489
268 624
1980 657
118 652
646 608
1349 215
2688 153
447 780
551 349
1525 50
1751 246
2650 367
1763 683
2193 642
1820 146
2070 485
1424 570
1268 719
595 173
1248 134
2901 730
2191 714
508 796
2729 120
2774 190
396 19
2148 643
2463 291
1675 533
1436 487
2658 190
1074 55
402 514
2146 673
1110 415
348 617
2034 389
877 340
2946 66
29 218
1953 103
1303 285
2408 74
1561 194
2344 357
1227 638
2806 435
1445 323
2974 385
1633 360
6 38
2779 400
2946 83
2403 203
98 449
2869 740
622 611
1106 641
2397 210
2173 583
1949 333
366 30
1311 406
2881 746
2279 128
851 501
1242 275
2835 534
1062 22
1874 416
163 384
1455 658
1872 616
243 119
2761 719
1768 699
1844 206
1233 19
41 717
1885 86
760 200
2975 613
1625 343
2320 444
1892 24
410 579
635 145
2800 698
1910 416
1598 742
1147 140
433 120
914 555
2020 338
2525 610
2978 216
30 339
1162 715
2328 67
2961 587
382 742
432 211
2809 5
1008 760
1063 319
1304 259
1146 290
919 782
1220 290
456 472
811 787
2894 482
1976 753
951 677
1376 500
1161 669
1905 455
1924 475
1373 736
1661 639
325 330
1034 550
1930 755
778 475
2507 707
2329 250
2522 203
811 375
1070 244
479 293
587 712
2508 518
367 336
2890 161
1042 254
1806 710
136 567
859 711
2887 760
2537 279
646 474
1165 634
437 252
1180 26
611 344
1813 248
941 272
963 67
537 22
2061 116
1280 777
2076 740
1403 556
1022 414
675 508
2627 561
1635 365
2821 700
322 98
619 758
1676 432
1011 448
957 605
1104 54
717 787
2799 50
2545 27
2382 272
1396 227
1802 601
2138 789
311 428
944 547
588 84
1733 18
2730 167
936 746
81 551
2989 622
1225 68
1948 494
898 357
535 354
268 545
1573 339
1799 408
2351 285
770 250
901 11
1299 559
1734 489
2530 289
1766 322
1783 175
122 357
714 276
1919 791
2262 112
2076 785
2853 557
1901 466
1672 539
1519 69
154 713
1074 247
2172 22
1974 149
756 495
2395 419
1888 411
2548 662
2360 449
2280 530
1141 188
1554 364
1700 481
1161 175
1460 484
2728 230
2366 237
2779 194
593 440
958 89
1 520
1134 438
1821 774
2776 151
1911 87
2431 712
842 382
235 678
1090 446
1944 371
2086 718
1403 668
1757 658
2366 320
1143 309
324 308
2176 334
755 464
1592 577
474 153
934 588
787 748
1570 563
2909 534
95 245
1631 777
2854 647
300 407
806 129
2901 314
1310 795
1309 638
850 65
1265 17