450 1000
2771 620
865 974
464 527
1373 426
3774 959
227 640
3548 985
3591 828
2900 796
4230 302
872 391
2866 522
2451 845
4495 751
4206 280
1579 203
4302 488
702 83
3235 284
4318 594
1786 886
4263 364
814 289
867 143
805 958
2345 419
936 494
599 801
2302 26
4232 549
2391 887
88 715
2891 127
3780 832
2239 821
1681 390
1052 610
1033 257
1981 322
2761 800
2884 333
3950 365
4109 846
3000 64
57 280
119 939
2424 962
317 482
960 3
3161 98
693 829
2272 900
2117 674
1012 708
1328 711
3114 37
3902 773
977 765
2221 535
3853 708
1053 346
2934 62
3909 447
3894 999
2404 455
2951 309
3382 995
1942 643
2354 264
1789 371
1727 465
3524 428
3560 27
1150 506
4431 458
895 114
447 839
1502 992
1378 488
2937 686
4176 988
1762 22
3437 764
3673 860
2133 72
834 48
1633 81
1079 601
902 384
2901 812
3707 523
2909 565
2188 199
287 842
2705 593
1550 578
2318 330
1362 334
1971 174
2778 187
3821 367
4334 576
3278 598
1617 509
105 283
4476 2
1218 301
3011 670
1665 643
2314 238
4375 309
853 587
626 683
4424 994
1103 344
460 699
1437 746
2338 425
3368 352
332 217
2393 408
1267 976
2798 468
2082 581
2170 734
1591 99
270 91
2225 932
4405 979
2842 845
3289 42
1731 57
4175 325
2897 297
3486 10
3024 314
580 929
2164 369
4453 268
469 866
1136 909
2583 558
3783 641
2450 872
1677 823
2720 930
3847 245
3618 237
793 253
2354 46
299 480
365 52
2689 669
1617 214
1015 875
1898 35
3284 863
3117 695
1315 975
2493 911
3462 421
1492 413
3200 694
3803 659
3154 205
161 995
850 904
900 565
712 832
1471 756
3490 908
2868 517
1180 837
282 729
1367 609
68 940
1851 544
4464 978
1622 777
2737 206
1698 377
3047 663
3343 961
1808 794
1614 473
1895 695
925 79
565 817
4391 417
3615 547
1921 852
3168 210
3154 180
2768 262
4498 37
50 231
162 801
4271 78
869 631
4138 779
1262 317
2631 153
367 821
1519 701
2168 396
632 818
737 326
3239 566
1479 46
317 708
1150 279
2096 232
4170 801
1035 602
75 35
3719 879
3021 280
857 660
3095 843
2257 12
2969 969
3047 697
934 886
1493 206
1260 170
1292 566
3186 464
2392 82
3011 823
462 49
2242 143
3591 746
1146 365
1984 590
4323 3
2589 128
2700 675
2235 518
752 838
4404 443
162 100
2212 904
1348 472
3337 993
1262 433
1123 27
4189 314
2675 980
3265 555
3624 138
3455 364
2851 162
3964 520
144 452
1522 887
2649 433
2157 886
3944 425
912 861
410 764
142 980
3151 367
241 56
972 917
79 807
3884 947
476 120
3827 4
2769 934
3427 138
1163 44
1900 324
3165 855
2826 590
488 822
1337 352
4238 69
3741 538
2339 728
4293 496
2105 522
1624 991
372 524
89 723
2169 984
4252 2
1528 718
918 109
4248 896
1799 916
379 233
3330 385
1419 286
625 308
2034 464
647 91
3393 619
2182 370
1620 922
1598 694
2811 791
1887 145
1558 261
781 348
4020 422
2643 772
2815 691
3061 324
2685 660
3099 959
4136 406
2723 668
686 196
187 530
915 263
1221 35
2978 816
1953 646
1500 572
3490 791
217 605
2159 166
4012 841
2739 487
1656 232
4068 961
365 766
3807 96
2313 540
2014 567
2253 565
1632 337
4138 381
3083 875
2829 170
2512 438
2998 960
2575 887
2840 558
37 620
948 89
1090 803
4452 511
1007 115
3002 123
3389 422
283 899
3687 221
1537 641
1053 814
1190 770
1918 217
2813 966
3125 164
913 871
2194 798
1081 777
3773 665
3416 181
2980 554
1380 149
3769 314
2532 551
3949 568
1950 534
4292 925
2031 682
2884 418
2068 823
1602 807
4191 813
479 605
2849 294
1995 233
4009 608
1139 827
2326 874
1664 649
3277 178
1802 941
3447 88
540 37
1994 259
1924 255
1390 870
2506 601
63 440
1990 496
1620 355
965 814
2030 890
2261 991
4335 982
1278 887
666 86
964 198
2393 305
3951 175
3343 253
4208 499
3916 119
1706 792
3095 227
4421 580
4311 528
4172 142
1174 529
1481 951
2147 963
2065 24
2766 444
2136 389
1303 463
3432 576
2919 948
256 898
3422 36
1088 252
3808 669
1750 966
2896 470
3743 248
1558 919
1310 510
2093 857
1797 936
2671 475
3012 388
2518 49
1222 246
375 262
2606 947
1448 421
2451 953
829 725
1256 450
1215 556
1812 969
3790 466
2225 290
3117 216
758 755
2529 706
856 880
523 316
3405 19
1682 280
300 573
3907 65
4291 946