2500 1200
20473 1019
8250 425
16640 697
24683 788
24673 629
11766 506
16560 620
22182 919
14816 378
24513 298
5757 413
17496 962
8566 169
23779 416
9459 716
18212 467
10214 223
19309 17
23115 474
20022 610
15729 305
3312 859
21887 1179
23504 106
22809 12
20260 283
1773 909
1020 666
18447 1095
13943 465
4178 579
24500 564
23952 997
20512 83
3 893
16375 885
10322 748
17997 812
9417 449
19323 569
15316 259
10310 266
19047 345
23983 1017
15798 205
23725 919
18715 419
19984 922
5449 8
13006 239
6399 107
764 557
15834 106
3201 84
20490 826
284 439
24240 699
3304 692
6360 226
8104 936
382 38
16549 611
11367 444
10544 707
18147 944
4666 72
21409 814
5904 187
11371 152
19568 747
4843 539
4205 925
1595 453
6781 268
8451 90
22167 109
4138 113
18584 531
18917 455
15286 478
1834 678
15090 827
4838 691
13017 426
14100 1114
22175 50
23528 637
22232 73
21810 945
2364 599
2285 866
18706 1004
12024 737
17369 1071
15646 695
12411 33
12166 844
14169 323
14357 741
21564 148
6578 696
10300 1112
10688 1014
16841 839
4986 834
17605 646
8358 418
18642 318
12024 732
11737 186
2861 135
8841 986
5178 678
2 952
15541 473
19846 158
6657 170
19070 155
10497 805
15112 1074
18284 1053
23379 877
5397 936
19151 18
16305 69
16765 480
14866 845
6301 938
11181 766
3067 1112
8159 154
17102 960
5159 486
19184 326
24888 1132
11301 135
1633 140
8025 265
2147 828
11950 635
19904 175
4671 606
3646 1006
9718 823
15032 200
1152 41
2266 667
23393 1013
2089 952
11547 1080
2798 1197
13936 518
17855 216
20868 936
21143 831
15576 29
21011 211
21977 172
9508 771
22027 579
7560 656
16011 516
3754 667
10030 769
6607 853
6869 757
12031 661
24360 865
14772 69
2648 68
2035 14
21402 1114
24090 853
11132 960
20005 299
20264 1170
6573 254
23316 274
20431 528
23205 215
24072 744
17203 302
293 334
7721 445
9785 404
24185 599
8165 569
18979 106
76 1166
547 1000
9513 317
16872 406
21610 683
23949 530
4443 370
4051 716
16726 1010
23364 332
11895 186
17370 1093
11229 611
1788 662
6102 816
7655 632
6008 352
6014 65
15857 389
22400 255
1979 322
14203 1003
11194 978
13381 1050
11900 280
15320 401
8026 5
4674 752
1333 638
5974 1153
4565 447
1383 618
11529 668
5215 1047
16495 498
14318 335
1859 87
22412 930
9979 871
22876 610
7039 1108
9827 681
7591 1185
24516 277
14194 481
24156 579
8016 893
22864 191
24679 146
23663 983
15535 1103
23271 1066
13943 1142
15078 1046
17729 433
16959 235
3847 705
22964 1161
16292 761
3785 563
13444 210
24360 272
5715 1178
2168 1012
7503 1156
1950 358
7052 84
312 1010
19666 70
5316 66
24939 183
7938 945
9100 343
13897 1081
10998 407
24443 20
8644 629
10021 873
19312 978
2064 893
12711 936
21351 1191
15174 332
14836 510
21510 744
15993 100
23509 918
22366 702
5317 30
20618 683
21916 666
8839 26
2682 1073
9702 214
13876 506
454 556
17707 392
22943 621
2382 884
10503 802
18379 1013
8472 19
1970 111
230 646
19770 318
13033 927
24834 702
16649 954
5736 267
6894 794
348 993
2043 1061
2628 504
13864 922
1832 340
633 258
711 560
22893 6
8150 116
9720 71
10049 624
19115 26
936 936
11221 192
13077 530
23607 1033
3301 846
20119 563
5199 185
2516 969
24082 882
14604 625
7310 1130
12506 737
9371 167
9647 1025
7247 798
15112 244
205 883
7499 311
3677 250
11978 731
20654 704
20328 381
8404 316
9135 597
8616 829
3190 226
10884 1120
22819 51
24108 571
11035 359
10527 387
17291 701
2345 798
5695 494
6695 610
13752 970
7334 233
67 249
3420 131
4000 605
3294 210
15739 57
8764 82
8679 1114
687 871
11038 31
24653 915
10972 845
16828 98
13987 1071
21340 582
5904 342
2856 454
13397 1150
15524 946
5554 248
18736 806
3965 738
3654 366
13040 1004
8625 461
3884 936
9484 460
13832 195
11717 475
20789 977
17123 237
23523 1174
14201 779
23328 34
1031 277
10672 778
18720 1137
22595 549
14628 10
17134 589
978 637
10417 146
14113 585
22907 572
10398 1189
16188 751
11758 242
16380 183
10749 39
4820 1091
5853 416
23724 887
1150 1023
645 1047
16082 793
24658 203
17624 382
14095 322
6182 527
17162 343
5433 179
17379 58
1937 1081
21134 482
1051 548
21286 75
4932 1170
23860 102
5986 961
3416 578
9217 920
19883 44
14188 1053
2876 852
13215 863
17955 740
10180 1090
24017 66
23631 580
7331 798
7008 275
3815 585
14228 862
13858 522
6870 800
1580 1138
9591 365
8113 851
9368 579
1519 652
3202 619
10497 981
15228 127
5037 202
20972 807
17041 134
16978 229
11543 781
3815 1125
20029 408
5942 318
1445 540
24466 444
14366 275
2484 537
11492 614
1514 1051
22830 94
8735 937
1156 268
13555 7
6417 332
19954 165
4934 743
6039 395
22302 918
18019 309
4627 142
19603 726
5914 509
18236 261
5026 369
6477 146
24487 171
12403 751
765 1008
2570 642
2942 1132
9406 879
5728 947
520 454
7462 844
10543 195
11940 731
10883 853
6205 848
14925 682
15645 768
10770 778
23625 627
21535 1043
11964 64
23997 844
12959 159
386 826
14909 958
17805 362
17548 6
15573 791
13073 880
19770 540
6826 541
19999 20
9199 193
20364 1183
12946 997
1154 205
11591 486
13746 598
9003 703
24741 612
7273 131
6410 1075
9813 1114
13119 273
6708 815
6744 437
10214 1051
13403 344
13464 390
4034 347
13933 633
22761 1197
16184 429
3787 781
19619 928
16224 609
2565 549
5979 879
24705 225
7563 1165
4571 335
22512 916
16185 684
19095 400
11125 1113
6464 851
22723 617
3739 282
5958 1070
23820 1082
18303 301
3071 1088
7711 367
12133 234
14603 72
24802 761
7624 666
19150 947
17455 89
20696 722
17119 719
8616 757
2437 472
3036 223
10478 311
2654 1110
1339 598
10517 1187
991 877
5805 826
22950 836
1440 1092
23363 1078
1504 473
18322 303
7281 742
6207 1061
6298 272
21599 423
12853 855
10012 750
20992 919
23661 165
6017 227
17748 688
22236 142
22795 274
24871 869
16322 382
9154 326
18970 971
4034 688
3000 911
13316 1068
1865 911
3197 506
12729 628
22517 44
6017 1065
21071 1087
11534 297
3598 332
24737 481
5053 63
20067 1062
16853 756
5856 611
2949 670
13483 895
20078 262
7766 170
16958 123
12010 870
3162 90
10106 257
21865 491
13897 324
20894 1041
13149 1031
21652 555
23256 1149
16545 318
7810 423
10098 214
7273 617
23951 1133
15788 803
13938 1042
5893 658
7265 268
9494 652
22644 753
23068 836
21114 332
5696 757
16522 112
16452 570
2883 244
877 209
12382 976
10677 353
228 311
18831 493
23573 643
17286 356
17972 742
20970 792
2285 315
17262 537
13284 1102
20384 89
10815 382
8065 435
13634 684
12825 140
8883 670
17065 476
21162 752
13538 262
9499 791
2838 645
14598 1195
19047 463
5458 644
14750 898
13639 635
18982 263
13444 1135
14539 106
18318 220
18815 699
22421 647
17620 1068
8765 945
15941 605
4174 82
13210 621
22640 700
24692 962
7516 885
6947 828
1280 872
13758 860
22891 1034
21729 1148
24776 143
3899 507
12708 276
17283 192
5380 831
6029 355
23670 470
15192 1086
21599 428
2052 871
20985 1141
23137 812
8933 906
6416 1196
16844 744
8832 775
19749 563
6355 455
875 638
9094 632
3490 704
23519 1035
19758 282
15597 292
4149 752
10136 718
18798 467
19373 346
20620 998
14629 315
11119 464
12130 1082
10726 362
21110 899
3167 1193
5016 711
8797 319
16044 1099
8722 395
948 242
18527 656
15305 258
628 806
8870 316
11604 811
5132 768
16927 865
1307 652
20764 251
6503 410
2319 1194
11204 105
24104 772
15205 538
23840 61
2888 1037
11527 368
3971 624
12452 33
20012 906
12182 128
13848 1189
11548 443
12253 575
20526 878
6827 438
24338 135
14009 461
9576 278
11811 112
14045 1165
13906 130
23092 77
7113 232
12768 318
6184 166
1163 734
10907 1102
1965 32
4999 16
23533 1037
3943 235
11558 830
1793 82
18409 407
13029 616
14683 571
9445 109
10877 1133
9212 38
2443 72
11500 992
5783 1050
20156 1098
6318 593
9076 258
1474 569
971 624
15730 129
4439 1102
23887 219
17024 311
23889 883
17051 104
6329 286
6943 1100
2231 970
14539 1152
10541 81
1324 134
20185 203
23524 920
14842 529
9976 1092
9603 1077
20907 266
24931 1026
15106 996
8044 1082
2191 1175
21597 231
8483 1118
1390 1182
5712 1098
11234 108
24069 524
3695 697
11777 433
2018 957
8139 1137
17384 994
12435 792
622 521
21558 363
13499 603
18044 651
22049 192
13119 1122
3092 453
10379 860
3670 966
21660 116
11332 313
12177 1134
19825 1031
16731 536
20183 564
21676 446
213 598
10217 429
3608 307
9933 335
17716 540
3663 656
5960 327
2962 448
15453 711
16421 50
21045 372
5526 102
19396 1114
19908 184
21136 300
15815 983
12561 934
17203 1008
20635 537
5020 635
13407 352
236 569
17662 191
15029 673
21125 435
12129 184
7822 501
14822 455
1686 1104
5643 831
14955 704
13036 1160
7278 845
17574 981
18478 17
21271 82
4524 1188
23799 2
4134 285
1101 283
7918 1011
7997 814
20268 1190
11924 880
7525 925
1951 960
15119 598
14798 850
500 1155
2147 273
22395 106
21663 165
16886 134
16288 182
947 34
9122 256
12302 1019
14900 351
15427 88
11468 1165
17149 691
116 572
11487 62
11009 273
361 413
21338 175
15701 1
9350 1071
7913 245
4410 518
8220 971
4472 957
4775 1067
1263 848
4438 945
23126 789
24600 776
7144 1050
9124 532
4025 418
10471 517
5654 19
6250 674
7596 1053
10146 87
19922 784
18834 63
2853 966
12961 304
22785 307
5883 146
23550 1142
19949 275
16109 484
8929 531
2153 996
15535 411
23309 1171
16613 209
15423 627
8913 374
14813 520
13931 342
10666 696
11481 585
23880 574
24452 81
6137 1028
23430 115
13767 1141
4628 192
15239 1169
11061 9
23444 993
20548 839
23343 197
19174 912
9722 130
23740 1191
23083 576
4212 764
9827 197
11212 1116
16271 1184
3193 920
8051 620
10842 22
1132 1019
8950 1165
24918 987
2285 942
5363 614
24223 887
22750 831
16233 672
3587 907
20018 631
15339 719
13532 214
12652 237
3320 321
24700 86
23712 1043
9056 211
7465 119
14856 10
906 759
6418 559
21186 1155
8562 127
21080 1117
17410 399
1195 652
15065 1073
12743 265
44 753
106 54
15251 502
4739 641
3980 981
23587 365
15248 410
10677 1047
21088 451
3959 1074
16112 131
9014 992
15749 643
21205 1177
12995 1148
21212 77
19726 867
21929 107
8402 574
5747 642
21100 1144
21967 352
13023 140
21841 961
20288 660
9637 139
9424 451
11397 131
22014 456
9601 351
5956 145
21714 866
22627 57
18692 888
3986 264
1097 317
7441 125
24136 172
19364 282
22544 769
14680 687
7409 67
24654 33
18874 543
20475 412
12344 420
21265 336
8623 1037
22457 175
14761 975
20786 250
14682 81
3158 635
10912 705
3056 580
6932 1188
6403 52
24353 1036
17580 461
11149 1029
12493 408
2570 360
13774 32
3476 1030
20572 145
3239 357
11027 751
15791 85
8830 40
18336 154
24491 305
23420 649
15338 841
15071 1161
2262 734
23135 107
14499 472
3407 431
9639 473
10066 20
18645 564
8906 1054
8929 973
13336 326
7024 644
8288 430
2321 383
22769 40
16910 89
12134 617
2428 758
3739 778
6654 949
17111 845
20024 289
3437 488
24544 832
20224 217
9588 982
15115 269
6467 987
12794 515
8287 797
9820 356
24534 554
18432 144
9759 499
10969 369
13516 498
5383 476
24642 552
2119 555
24955 2
21474 425
11391 31
152 1106
3431 745
9130 709
17245 902
12592 566
23743 1075
6151 276
21136 159
52 785
239 43
19159 436
9604 526
14126 280
5993 606
23606 304
24944 444
1790 922
2027 45
7392 522
23469 784
496 868
232 291
5858 911
21402 1109
4329 535
3012 270
13804 1022
982 329
22146 651
3635 162
23704 740
5552 76
22101 566
19710 870
19601 399
14878 763
16639 879
23913 1083
24005 967
725 968
5541 447
9852 949
13455 1177
19707 155
14620 514
1963 117
3133 116
13949 1156
19135 280
24932 637
13926 35
5243 42
7763 617
9584 339
9045 1071
20153 598
11307 1097
22117 596
1522 77
2364 1171
2877 93
9916 1020
4108 116
3839 1188
21833 906
7159 1131
24299 923
10417 527
14493 1160
19448 12
17686 706
16001 974
10589 762
10466 1021
23391 54
8100 188
455 627
23302 1080
13913 258
2036 719
15919 736
9266 226
21326 687
16107 704
3551 213
17098 642
24380 874
8568 296
5360 1153
9207 468
14193 1172
16763 330
18536 764
16727 635
13837 592
9138 630
11776 467
16919 847
21982 718
21703 154
18547 25
11018 702
22868 289
4649 410
8460 914
13240 700
17397 938
8048 227
9948 1186
13286 220
9421 582
5945 78
4387 660
363 825
22405 368
6912 683
22676 380
21602 526
11158 483
21069 1004
15134 177
4336 538
15456 32
21483 617
1719 600
14980 836
673 617
9481 40
3262 1125
18686 600
10805 900
24350 1016
7913 241
17302 1160
15121 8
5269 168
18467 823
21313 89
10570 337
23222 120
4633 562
22955 915
5708 635
9496 771
3833 22
1812 987
21014 917
14535 480
3833 1200
8291 538
1399 1038
7173 1017
7737 734
22535 831
20799 84
557 100
24266 103
12235 397
24472 657
4567 546
9986 379
422 579
14985 79
24524 213
23061 344
23024 457
4025 999
15368 786
1909 800
21387 861
16166 1134
18988 97
5166 731
7442 143
13117 257
16436 806
11975 46
15551 1083
6687 300
15673 1060
1623 643
12609 988
2640 942
19628 77
22489 133
14777 1198
18001 556
1238 840
13027 649
8787 693
21688 295
12322 205
13401 391
16111 1095
15818 225
16627 886
20712 335
24942 592
2461 101
5688 776
3890 1170
20622 625
7577 270
21814 519
9419 209
22436 788
21566 1113
11379 58
3728 881
6164 138
17896 369
5571 264
22753 702
17196 885
271 476
5254 821
2893 219
18243 559
17562 920
362 189
21389 326
4016 692
10921 579
15647 835
20432 898
3612 546
22284 721
2957 825
16197 34
4711 1052
19842 244
2615 26
14164 656
22217 697
20198 460
24515 978
16232 982
17394 898
4741 1163
3662 604
20881 237
9889 326
6018 464
8415 18
16428 1039
16039 1108
18541 718
24771 459
5638 896
16584 17
7518 493
12137 853
16787 155
11382 610
19836 279
2257 1126
304 780
17986 1047
2302 1000
24780 640
19964 88
1385 908
4288 419
24162 105
10208 230
24959 1163
12613 215
11860 687
17759 726
18278 1115
18908 832
2160 324
18060 25
3707 1129
7263 355
21940 767
24675 491
5791 936
297 592
20986 926
3059 526
20911 181
22800 103
11153 868
18397 260
6047 613
17920 810
5461 57
4157 182
14593 257
18955 981
1531 608
17568 539
14382 1066
22482 437
13907 465
18171 1117
18530 59
24982 164
2131 716
21754 242
6879 1077
16366 1043
6140 1103
995 1019
5084 160
2491 950
17590 14
22363 1036
22696 733
22516 431
17947 841
5099 780
10415 722
7734 16
24294 71
7574 40
3189 626
20104 679
3272 446
5161 132
4127 1103
9685 968
4243 579
4726 641
11294 822
2154 484
14382 1188
20824 706
16117 1032
19889 295
21452 666
9983 40
9454 461
23631 836
8901 709
23707 45
10733 149
18472 203
11922 1131
16470 46
4563 1011
365 681
4072 70
24993 1137
3391 270
2444 394
22434 773
5650 174
8818 1138
13901 1040
16960 1169
14433 257
12943 1192
9461 1101
9888 561
4922 521
5474 267
18136 997
10473 208
19380 174
12594 650
19252 1163
7763 311
11469 739
4152 1084
12302 779
12825 134
18786 434
9509 690
9102 770
4440 882
18252 244
8594 513
21103 85
9471 940
14422 18
22258 1059
18664 792
4835 158
16267 672
5707 649
23497 205
4576 777
6973 939
24534 250
9896 1196
3178 337
10357 208
5367 996
16183 419
20263 216
22972 229
18940 1008
20949 804
19533 478
16691 151
18996 428
10221 809
5616 1181
10070 1044
17130 788
20383 962
3850 206
20863 158
8524 348
12122 783
1327 972
12118 11
5056 433
17614 977
2024 755
16678 945
5133 250
12663 885
5325 139
19429 636
5955 267
14991 620
7749 906
7068 1137
3375 464
1411 555
24725 884
7804 572
24053 337
15500 1197
18020 42
17149 375
3599 266
3523 901
205 107
10869 1048
10361 641
22599 750
12043 1152
24285 652
16917 765
7501 265
12289 1050
18409 808
20099 613
23111 62
8166 552
21689 840
22135 717
5838 536
15255 957
2125 857
11736 1158
24700 19
4197 684
39 1174
7234 553
24947 436
3943 1099
7082 1158
10395 1187
13296 695
21050 463
19655 616
14308 564
6211 737
3045 603
9609 631
2097 152
15317 557
3777 664
1485 907
10914 1174
3825 1109
4329 385
24820 748
5278 305
3532 634
4613 329
21926 16
18055 735
20458 314
5632 289
22259 755
12648 767
2231 1135
467 663
1830 946
1316 905
20893 545
3728 181
1920 718
15788 394
3291 514
7464 1087
20412 684
6625 521
14225 1179
13145 701
13775 668
20308 674
16858 305
18884 1159
7699 631
24558 861
24351 183
7506 984
11705 877
1427 75
11345 68
19367 588
9209 493
17995 367
13045 200
1795 333
22434 361
1883 177
5863 605
2857 576
10504 345
7902 388
10369 188
13739 63
8371 1056
3642 936
11940 525
20757 359
1171 373
10900 78
9007 1140
12574 639
352 1083
12794 1061
23480 248
7207 1006
2573 880
1191 1173
16121 1194
24909 1003
2383 533
21028 683
20904 926
11381 109
1192 157
7101 655
5058 168
2843 748
3716 1084
4580 1147
145 314
1513 999
4554 1066
15508 550
2578 116
9793 128
20259 446
6868 375
7224 722
22146 918
23126 777
1871 885
12537 798
17701 715
2834 569
15164 898
22762 802
11490 131
13861 476
13060 368
15394 961
10479 745
11628 656
20844 392
8638 364
9180 719
3148 192
12151 924
416 114
23143 713
16669 86
13751 307
9910 26
12734 628
13585 739
5667 859
9082 622
19902 519
15897 1002
4250 1081
11356 683
2854 1155
13092 988
2506 467
12504 969
12779 21
10785 513
18438 1009
18228 949
13646 972
11865 1039
13892 615
7980 114
12551 797
10443 640
15177 983
18378 903
19604 605
5497 991
24023 139
15707 993
4281 357
465 974
24414 704
21580 259
19966 627
15160 436
4017 964
4247 195
10129 312
3997 902
23770 688
3099 210
17032 549
14311 261
21776 428
11784 324
20201 159
20421 1117
15006 431
20765 240
17351 985
18214 411
486 892
13079 726
2955 694
521 667
3927 499
7573 991
21058 123
11768 635
11917 890
6822 1156
22152 811
3741 635
18384 313
1174 975
18394 536
13698 937
14182 23
9186 1199
5580 385
22586 999
1077 71
12912 791
6864 354
8067 625
5161 1062
3284 255
18306 924
11999 408
22672 673
21795 315
4528 814
5998 1058
22672 959
24328 1119
22268 332
16232 313
14589 164
17608 223
10675 1082
12136 535
9525 655
14672 147
4231 30
22163 211
19962 1019
17983 1117
14301 118
9442 678
5862 468
15678 620
23617 252
4189 148
15300 699
9656 677
10619 942
18954 289
9361 708
3703 1010
13983 752
10504 794
11994 164
6631 1078
6521 1056
6286 1079
7550 544
7486 303
16890 905
4912 457
9995 1070
480 920
8873 585
13370 114
10333 1200
21163 324
7365 498
14216 733
13612 638
20279 615
24784 1019
2856 943
9776 1113
24231 470
12168 951
4069 524
20995 537
14906 139
2884 1165
1576 547
1460 761
19464 1163
7215 1076
8875 174
24392 503
8258 3
12600 539
21329 416
2875 615
8718 1166
14560 192
4209 1089
23569 441
17001 266
9104 866
10395 1081
23346 200
10202 461
10987 288
24519 425
8591 566
10730 271
22676 612
3994 109
3341 1061
17235 1097
14097 172
708 1153
13567 235
9672 404
5509 417
18720 1062
6582 673
297 462
1009 215
6461 241
7577 1011
6606 493
14684 649
18144 1030
2151 854
9874 454
6715 869
20505 1011
17815 993
7938 33
21628 83
22364 604
5932 99
3768 674
7801 226
7871 76
5117 397
6681 76
11779 768
22557 726
817 468
9549 549
23642 618
14217 864
14042 839
1109 1163
6386 1114
12745 509
16437 629
20516 1023
18957 546
11082 708
10035 62
21141 352
5476 180
21251 97
7115 644
18061 814
21055 920
13946 658
20159 140
24047 79
8619 1004
3787 387
9632 539
20890 329
5523 244
9591 11
15136 302
7543 1058
18154 1094
11555 309
3150 558
590 1147
15714 451
1634 666
8499 510
16570 359
14146 602
2633 234
15399 187
9713 1080
18982 610
7854 260
23693 27
19364 1065
19406 937
12201 615
10067 824
7778 370
9022 1068
7451 507
21413 287
442 1177
13853 625
22134 468
6046 277
16796 1093
8385 860
19609 912
19453 239
18473 422
3302 230
5799 1009
12333 1103
22069 151
18208 1040
568 380
2490 673
14373 97
19076 475
9708 1048
17023 502
21083 547
21826 1192
9726 653
10195 547
24570 487
23235 442
3430 476
13816 1084
23921 1181
8091 921
10101 753
24022 180
24340 183
5298 912
736 650
7419 512
2046 874
23632 284
9603 170
22373 422
19149 602
22870 922
5874 420
22644 351
19195 256
14276 522
19310 831
5318 361
12078 200
17225 172
16815 59
2810 595
20761 305
12257 607
18741 139
5638 983
18758 182
13709 276
15753 379
9866 399
3069 353
15508 649
20999 238
11975 756
10085 773
23515 657
21268 864
1539 202
24099 33
13067 417
23350 295
1534 1114
15844 1109
10308 179
13770 120
5417 72
23404 906
3941 142
5681 744
11472 492
2472 796
5593 982
11505 76
16746 1080
8001 223
3785 362
3321 864
20508 385
1873 18
148 651
20175 433
24231 665
24816 1074
20344 301
5344 221
4511 870
14110 1081
19468 273
16594 919
4509 645
15511 447
5170 911
140 910
23813 344
14893 741
18996 543
21348 1168
9382 973
2483 1059
24427 606
15637 824
136 52
6438 645
12687 1179
16066 237
7883 680
15714 207
24659 711
21021 428
20318 369
16530 50
11708 870
1546 709
7786 689
10676 275
24910 239
6320 309
6542 933
3375 1150
2437 739
15214 1090
670 102
4314 1051
6560 597
16398 414
21363 345
3898 736
8802 153
9877 546
4019 1193
3475 302
16425 328
3325 1185
12297 88
22173 2
12465 1053
9399 1104
11283 696
24957 200
8761 141
970 324
9545 745
10428 1023
4768 261
23691 1150
2536 13
13299 588
13534 112
10118 384
9783 168
14921 70
7205 902
10575 299
24996 725
16018 62
5690 823
8354 449
18151 548
20914 913
903 876
6092 801
1391 917
13420 602
7178 1107
19766 395
9909 374
414 559
21019 443
9445 585
628 521
9700 576
18439 93
3759 824
16837 458
16502 1060
10743 207
14607 537
5021 1187
668 230
7035 81
5458 1124
22782 1137
17417 453
22234 147
6678 354
16522 556
21230 964
13417 1147
87 66
4064 297
10587 566
5706 242
4888 821
19666 1176
6674 257
20321 364
14874 1110
4092 369
10958 817
824 233
2368 1117
15429 176
6971 1160
3645 869
11952 196
4297 924
8639 459
8355 602
11683 661
23186 727
12765 453
24857 473
22176 1043
23396 344
10177 1071
22961 790
14047 658
22512 15
13500 835
18336 321
10903 17
10565 192
20794 938
19975 1146
21337 579
5355 494
20160 840
17493 879
12581 754
1068 805
10417 476
24402 144
11683 1003
15925 369
16637 178
14712 1159
5958 915
19595 638
9002 106
4998 963
3976 228
9669 906
23272 527
6304 1182
24564 338
22546 431
20741 1074
1412 963
1412 1135
21180 230
15610 871
12091 679
16392 1103
24131 897
21513 973
3814 14
6757 913
19778 841
12979 390
3919 962
11886 344
19549 116
5911 968
8441 1135
23297 427
14544 772
9242 574
569 147
8884 515
17289 927
21883 498
23144 12
14763 754
22787 334
6562 73
16820 393
917 302
14544 347
4550 839
11705 340
5786 158
19004 374
15944 1048
14197 5
4896 648
15305 1047
9984 1049
5766 847
15662 175
12974 250
18800 221
3887 646
24571 865
5974 367
17325 1038
9500 10
14103 1182
4692 1170
17888 641
24384 568
4363 967
2825 155
18142 610
7371 398
21013 1057
168 9
2625 459
15460 497
23869 600
14677 903
3038 83
21122 103
11869 346
728 747
13170 803
9846 843
1016 878
9154 1156
13252 775
17442 46
8262 18
8890 417
13083 564
12295 88
21412 785
7342 104
23178 254
11780 766
15189 964
18147 833
21279 1143
1365 36
7143 1149
3192 1133
21193 535
13886 637
4623 641
17033 552
5757 851
22963 106
16479 446
3476 1130
21906 485
10004 741
9898 1080
14849 1015
14251 967
3887 100
15967 719
5352 777
8402 162
7328 829
24862 23
18218 1191
14405 1142
9976 1087
18749 528
11561 619
974 37
8203 648
7348 687
1004 508
7525 316
3344 195
8536 526
9034 75
13593 293
5932 265
20858 832
11973 950
19480 689
11423 841
15051 651
22160 393
22525 601
5268 1102
5538 1041
12520 174
20122 345
24523 669
11459 91
22973 1025
23266 3
3491 396
7696 588
1012 1017
20164 492
7459 224
400 1089
903 862
21476 661
12337 144
7928 370
17541 344
22101 791
4434 138
19218 1056
5284 620
4002 1174
18705 571
11049 785
5073 714
24957 693
17129 812
2816 948
18515 519
20554 640
4346 4
2577 580
14676 1057
22508 46
4342 58
7968 807
6163 1056
24260 1112
19827 1020
13141 211
6593 1080
21508 959
16422 407
547 440
12788 1009
10175 1021
7557 216
7345 363
13091 891
4983 8
12187 385
18878 313
19073 756
843 310
8538 896
19756 522
23242 354
23512 135
15637 1106
19164 887
23385 892
14949 487
9114 837
11516 965
3457 792
2283 100
18807 1081
20868 514
14052 744
1474 946
1709 721
7808 498
2033 199
5737 951
14162 651
1055 996
14174 705
22601 440
6633 788
20571 662
14848 747
11515 460
2832 465
3563 1045
20239 1123
14252 620
23668 183
6212 62
15472 150
12069 434
399 139
21081 287
22767 827
7088 287
15135 713
22356 1029
13545 1096
7408 568
10815 114
20167 1028
23754 958
14222 1016
10662 846
5384 209
19644 913
16531 227
17597 864
20265 920
23507 1061
5362 487
24305 264
5657 278
19332 591
23979 759
15214 1170
16997 797
17658 516
19833 1170
1046 26
1652 10
1347 104
3884 671
9729 344
17107 99
414 398
10262 542
14694 979
22395 347
16247 795
1361 156
12632 762
22220 1046
24643 231
23113 857
10036 188
9233 368
2600 417
1542 144
1603 709
3736 795
18684 1125
15379 781
23239 627
7659 1110
11294 834
15702 108
17441 181
8599 467
24441 733
21994 54
14952 257
14917 585
23394 560
18276 250
11754 744
1385 519
10858 923
8026 288
6818 687
48 253
724 1179
11009 821
17071 242
10202 884
16077 666
9937 605
4637 1188
1486 358
22403 208
19248 423
19040 1187
24194 378
16038 583
14443 428
19204 327
19400 72
11454 933
766 453
12511 791
2847 298
1074 322
9506 1167
23164 885
5271 589
8202 76
6058 739
5747 178
14769 323
12405 964
18979 699
3503 368
10834 85
7326 759
8565 559
19789 249
11830 164
11838 1144