1500 1750
13328 468
6622 194
1881 1080
2261 1277
3114 577
3459 497
2362 76
13841 183
14244 344
8442 27
4040 1241
10462 1528
4091 870
1066 1699
10136 644
1113 76
7520 1479
8975 1651
9879 485
13815 1593
11460 165
2343 1436
14478 1634
12500 391
9254 585
7814 70
76 504
2311 257
18 1036
8848 1091
4799 728
7379 1090
1954 286
13506 105
7038 702
12927 632
9347 1712
12826 464
13465 756
6949 1748
431 108
1299 1013
1702 1599
3944 1417
6187 1115
1012 1748
13190 744
10156 812
10674 615
13725 1256
11050 1498
13854 699
6288 970
1550 1391
13218 647
6940 1615
7925 765
9075 1075
9679 1008
6818 1205
12995 337
11442 1507
14728 88
5284 1001
14089 1478
8011 537
324 1287
11654 1639
3602 1423
6025 1420
463 1582
14022 466
759 1228
1179 628
12309 1702
1978 1199
1960 1365
14132 1429
14273 105
7190 1265
2709 247
13154 1676
2075 402
397 1103
4098 671
13489 1310
8158 162
2604 1561
5753 964
9705 1485
13916 517
8545 768
14005 865
12384 1149
8271 1635
3527 604
13107 1044
2267 1422
1299 924
42 1730
6931 1267
14503 84
10760 715
3997 948
8782 432
12332 619
7129 1542
1354 1071
10980 169
10962 537
5319 1228
13598 605
13652 1462
3341 920
4376 253
1731 1486
11980 1534
10940 419
2211 433
14465 798
13418 1361
4591 1072
8234 801
11242 1009
8715 1341
13868 754
2257 826
14337 1297
2078 447
14986 272
4898 296
12390 1085
10667 1175
12358 1493
10875 393
13562 471
3343 110
12933 682
9593 1492
11899 1516
14704 908
4054 709
10078 1610
6759 635
3741 1627
14422 733
3071 1522
9201 1103
6404 182
13137 1602
3854 1287
8523 809
3343 1396
999 1342
5948 1291
49 836
2994 243
7420 1625
7001 907
1878 950
11718 321
6503 531
3789 1267
5150 1570
14582 1527
14712 631
1233 192
4498 1325
13284 1420
14628 362
9861 1239
14602 235
7482 1439
5800 1097
4269 672
4209 1151
13233 511
8290 270
191 1376
8595 1686
11299 642
14978 153
11407 201
11153 241
1279 456
1487 265
11252 1104
7149 1096
13073 372
957 691
14810 1012
5389 1604
3417 376
1917 836
2983 136
5901 1705
2439 1050
13844 1567
7855 1150
1955 970
609 694
1553 1178
12022 884
12295 839
12129 58
4055 1743
4755 863
1213 1474
13598 1046
5180 162
4943 1105
1395 1729
3606 650
9601 1111
8950 1485
13512 533
2298 1526
11979 810
1168 220
14118 483
439 1147
1806 188
17 791
11998 904
2051 1130
11 609
10539 990
6246 1352
10367 386
11750 507
3264 250
7861 914
7152 489
13684 1095
4301 1297
12657 38
10968 687
3565 1169
785 266
6016 610
10756 654
8668 394
12064 598
3452 324
14898 1011
1428 424
10337 701
12792 14
3833 1423
2409 1439
10803 494
13826 907
4971 838
1133 32
5841 1365
310 430
11937 919
4745 737
9097 599
9389 1042
7210 362
12906 1324
5778 1438
7464 1605
4130 1272
8012 1636
10928 1430
13269 929
13388 820
11839 567
9356 878
12854 1517
1399 1125
11751 1047
2106 694
6668 1003
7270 54
8970 1425
3760 1002
5788 447
1489 545
960 829
7499 520
8859 1308
12140 1278
11986 185
13340 1112
6473 912
10451 1389
3661 17
4959 1610
11498 836
11510 527
6232 1518
1158 1395
4191 664
1053 5
14120 393
5571 938
1498 1655
8540 575
8183 1205
1413 773
10822 275
10550 1661
7912 331
6209 1075
8449 1411
8314 419
4299 570
11604 507
12665 659
13547 72
14588 1150
10757 1210
13028 157
4520 1694
14163 631
4698 85
14045 299
12427 423
3689 779
4334 67
13012 431
2258 1334
8521 709
9697 1224
11519 542
1703 1132
7551 11
13121 797
8113 726
11752 1477
5867 1161
1363 1000
10685 315
12100 910
3444 1427
829 1322
13102 1637
6630 182
11561 541
11418 406
7193 107
7584 1143
3612 1214
8558 1037
2609 623
11110 271
1983 33
652 1580
12483 926
7245 1649
5239 518
8232 1264
7149 927
3680 1063
6400 868
14230 1504
5818 96
3487 842
8846 339
723 1243
12603 187
8821 823
12340 838
7696 141
2446 819
4952 1179
6532 1612
3948 1545
6865 759
3724 1127
12835 822
13949 109
631 100
4958 1185
13888 127
54 312
13533 568
7051 526
12737 1397
9257 535
14729 610
6028 1082
10941 1323
5381 411
7448 1368
2495 1352
4763 189
14353 344
743 1095
8376 295
11002 1159
6483 1522
5271 493
10785 1114
2510 934
10845 1560
4734 318
4897 1385
8823 558
2547 1513
10612 971
2303 1193
3739 1137
7839 88
9959 721
8181 1346
4050 1642
2367 1479
9273 1551
14056 624
10441 1713
9104 1322
12944 1466
4965 1219
13040 927
13644 497
5213 313
14021 1716
8388 574
14136 553
2922 833
13905 1119
1115 494
10998 372
13486 342
8797 1288
14022 446
14285 921
3109 592
109 1023
1376 417
687 791
1129 194
6481 935
7870 1515
8969 594
9128 673
8911 620
9558 987
8353 1286
4086 669
968 946
10328 217
5936 507
9882 187
14777 419
9267 468
1405 506
12418 1042
4436 10
12776 610
9506 867
10060 1313
1777 1292
14633 410
287 926
11165 895
712 1328
10087 1194
13259 1117
7894 449
6716 1716
9733 790
3031 264
13752 64
14663 957
8364 712
10470 750
2955 209
9949 1299
7330 1497
1784 298
8146 1019
3709 358
13688 1056
5341 219
4179 420
2413 922
14155 867
9373 279
2141 1218
9774 7
13539 1461
4853 1041
883 1367
2761 153
12578 1318
1039 1234
12380 887
13855 770
944 745
9330 93
4336 1
4127 442
5582 953
9353 698
9908 1238
100 1352
10810 1487
10535 1569
13295 1203
12745 993
10250 1192
7109 6
186 208
9035 781
4888 794
12695 560
9493 1147
7561 677
6698 1272
11424 80
7936 847
5606 424
2157 857
8745 1364
3610 1169
9355 1451
6557 1321
7144 1695
7717 1014
1154 90
9380 327
10071 1111
9371 482
5195 915
6505 11
12975 1327
13616 1577
13990 634
3723 537
5726 999
4680 1592
9313 1331
12849 1714
13471 1166
5118 186
10032 73
7938 1082
740 1462
2501 2
2506 256
10717 1404
433 1242
193 77
252 570
2559 74
11687 1292
4570 886
4324 1527
11634 1204
7069 1239
1235 586
13724 1364
10243 169
2551 668
1539 1593
12764 63
3235 1236
1279 1673
9234 642
2019 699
8916 1404
8099 814
2022 405
11665 1387
1146 1627
3218 463
13559 2
7506 1101
14112 1238
10708 1381
3281 434
3899 453
1592 325
4800 919
1329 1729
2626 1224
12063 824
6041 159
4262 1274
3855 1586
6165 998
5609 490
5571 1319
249 1617
5049 1183
12334 261
8428 1320
3158 1343
7554 1523
10613 1294
9793 226
10901 1338
10863 1717
4921 1371
11798 559
2028 874
4212 963
10807 1430
13509 283
13000 853
3819 432
13820 753
608 148
4514 842
1596 978
7135 709
8773 1709
14074 873
13430 736
6285 1127
2637 1173
12509 271
9017 1701
11752 1529
7783 762
8003 534
8409 631
6342 1377
9902 752
4997 865
12106 889
2639 1297
13634 596
2275 1182
5152 713
1062 424
13671 399
6804 183
5093 1557
9154 1092
5212 1621
9190 1485
8221 722
14355 926
6600 935
982 1711
13359 1655
11321 775
8583 195
7283 1599
12064 186
5436 1007
3236 1061
7846 1315
14411 1507
14665 1656
1746 81
12307 160
3533 544
2739 33
629 285
2328 26
6417 1595
11217 44
1712 1406
5491 1624
13066 16
3901 462
6584 1663
10536 902
6040 225
3096 588
4159 1636
2539 1472
7506 1708
649 937
11734 1496
6415 1235
6607 684
13053 1362
3622 50
12624 93
11528 1634
6312 1604
8091 989
3601 1485
2678 1417
381 751
11745 1283
3252 1307
4904 91
12547 265
10414 1060
3233 1092
8466 1671
2976 1514
11343 1073
8600 1278
2846 32
8932 1520
8139 166
11827 966
9979 894
3748 1734
249 293
9475 1657
2996 1213
13864 138
6330 166
14618 823
14544 1514
6727 1171
2167 1258
3605 660
9901 1380
6360 966
12861 1104
1986 1452
3242 914
13181 316
1985 1288
703 1218
13367 504
7250 702
5436 1107
10243 1120
5304 164
13765 258
5006 895
1260 1706
3708 1648
13823 856
14600 427
355 942
9122 171
9058 1226
6656 1446
13934 966
5332 5
14360 150
7483 242
1798 1120
10975 1317
7064 1731
5896 736
5585 739
11547 1614
6443 650
1356 1584
840 33
9254 552
2901 599
5555 333
14415 1651
12592 399
11550 402
4228 1049
485 634
9452 1337
2815 738
11911 270
8654 237
418 115
3040 1045
10400 215
8604 574
7054 705
13647 818
1302 265
7115 374
7818 1310
12682 786
7476 910
7719 1090
13375 1556
13515 789
941 1192
13184 633
3651 843
6257 855
5867 1137
1051 1386
12906 1343
8990 428
1503 1216
6251 1
14942 1077
13710 275
7479 169
186 1112
594 1333
12658 918
10508 750
4345 635
9097 1411
2589 772
161 1429
5447 1482
11707 1042
2293 734
2403 1599
1539 213
11972 382
6961 1322
12362 708
12420 1376
7434 1495
12552 375
5977 791
3153 874
4056 1575
785 1169
11020 730
2136 370
14117 795
11876 207
14371 999
4429 545
8486 908
3480 325
13403 1443
2658 1398
4652 849
14418 1300
5186 172
10426 1096
89 510
9617 369
5539 802
13479 1515
4223 841
96 1168
3548 1463
7080 633
13422 530
7972 722
5001 1072
11615 1266
12877 86
3413 1389
306 1149
7060 875
9529 1363
7115 1413
7377 1692
2890 61
13237 246
6371 1460
12817 263
8846 736
7569 577
10888 1701
14890 1606
1119 1059
3345 432
3925 69
9235 822
9865 893
6932 868
7702 611
1518 238
8408 1684
14355 485
6385 1284
7319 1203
7189 922
1756 1379
6836 1639
11542 1368
1159 367
11881 790
11471 252
3354 124
1573 1446
1399 157
14149 465
11949 85
7067 1539
13223 1187
11624 934
10183 336
11422 1259
12351 265
9736 1547
8713 1159
5769 1227
4112 1339
6355 1354
7887 466
10273 475
12029 1579
3420 683
5323 744
10293 964
4613 1049
2512 1077
8171 1077
3334 1019
11977 342
14592 1019
11980 1169
5807 460
2199 373
8881 19
6747 564
14056 973
854 558
6659 594
548 617
13938 141
6618 382
2037 1141
10373 364
10247 118
10699 610
14647 605
2489 781
1318 489
459 895
10097 49
5960 846
10451 1081
10452 82
1118 399
11159 114
8364 1310
6700 962
5232 1036
13392 211
13808 133
12165 708
14598 812
3083 1193
8052 288
7308 45
3779 250
10192 853
4411 237
5042 555
9570 357
9730 1245
14953 1202
265 80
1224 1066
11939 458
13496 302
14044 773
10777 582
13788 1454
8686 141
2632 819
6907 85
4930 1373
6554 940
11505 176
14680 646
224 1235
7530 806
1944 1330
506 627
1324 1581
13044 747
13968 1525
14982 619
3670 579
13085 977
8820 1669
6323 212
6005 1663
11858 1093
8729 988
7373 1397
5814 383
12157 1645
4102 1356
11507 270
12689 389
14638 841
3751 386
12603 983
2243 1381
4604 547
8243 764
4502 741
924 1095
12533 87
597 542
6813 1084
13403 554
603 1266
10502 1534
8571 590
11750 704
4041 549
1424 51
8723 175
1063 809
11307 634
14439 1134
7867 1500
7047 1584
6439 142
8537 1254
789 1579
6431 381
12963 409
5846 418
14421 331
5350 596
10713 1390
11791 389
10114 57
8609 559
4122 1643
12488 1286
10146 1333
5332 1154
3053 119
7728 1324
188 1148
9210 1168
14265 1645
9992 441
2815 662
2273 409
7876 494
7620 1299
13126 1438
8019 1464
6766 1000
10764 1497
11106 1355
7268 566
1378 352
4276 1187
12645 1243
5187 1325
646 165
5763 613
14102 83
10403 520
10482 1068
10494 1329
8277 995
7244 1218
6452 344
14563 437
8452 711
9863 105
7199 266
6625 639
608 1306
13705 1081
467 1178
3300 1250
14213 1212
13289 245
14801 720
9255 618
3446 831
13397 74
13521 1219
12131 975
1181 26
7674 439
14710 581
12577 371
14695 453
731 1002
12138 169
11140 173
10988 1079
3250 1479
12697 1092
8512 1215
12591 5
8044 1575
6787 1456
1020 996
5051 320
13605 1166
8348 199
11552 606
14235 1011
8976 479
684 737
12752 1594
6811 783
5660 1515
2286 378
4862 1406
8195 95
8970 1063
10458 1246
4594 1459
8592 44
7372 1683
8792 142
14871 794
14686 1373
6158 268
12482 1009
4746 1389
5552 967
7623 474
14926 1452
7065 1249
11333 750
2983 1263
9934 1243
2162 323
5293 62
7182 1234
14679 637
13143 457
13464 763
4719 1035
11964 527
3968 611
7416 1444
1566 1200
8828 380
14402 622
4644 496
11137 362
11538 658
7662 978
2937 447
8818 880
2933 1437
7628 503
6469 798
3686 1188
11929 604
7601 1489
4236 104
14784 454
4994 1048
9433 1597
6549 957
9889 755
11709 1470
13784 998
1658 1680
3406 1443
12750 321
2139 618
2878 984
1108 1246
6085 601
9784 347
1555 1131
6619 1582
3941 1080
14507 129
8581 176
1191 295
972 426
3913 638
13524 1553
3435 650
3677 543
4052 1
5449 955
5588 51
14497 99
10168 33
9310 1173
2977 455
9614 836
8591 1750
3877 1565
4265 1381
9094 993
11090 1358
4365 1705
2780 745
6790 105
14384 48
592 539
3341 570
14985 1670
9340 780
9865 1726
14992 374
7458 1230
2291 1440
1113 1159
12735 50
7303 1423
10129 1123
10581 1640
11365 602
11178 1421
9561 543
8736 1170
13965 1115
1821 987
4563 271
6187 204
6695 691
3648 1712
9047 307
2142 403
14539 936
14110 521
1543 1400
5138 546
5660 1660
3037 425
4479 1716
7132 353
1882 1007
1218 1682
5137 1358
9858 588
11742 640
11757 1087
7446 980
8245 16
9812 1055
92 992
10679 317
7210 490
12835 315
7988 213
10619 493
13089 776
11949 1536
14549 440
3300 1260
1445 269
10358 70
4025 1193
14465 1603
3486 1511
12342 1659
11392 1382
7915 885
13225 1078
1746 732
5126 996
3442 1738
246 654
10367 657
422 1058
11260 1571
5270 199
3281 546
2948 89
6325 1383
6788 1557
1574 1629
2182 1231
7895 248
3400 1242
4875 1525
879 1532
13704 1601
6230 1059
3400 445
13183 1450
5069 25
11249 736
11492 309
6877 265
8691 754
12845 839
13941 960
6695 188
7942 607
9612 268
10293 378
4819 1171
4472 1143
6344 207
29 750
10450 298
5672 1506
7355 1702
9017 1513
14169 1295
9847 197
3079 1335
9838 968
8980 982
228 949
9258 1677
14192 1712
13323 755
4893 1465
14262 523
8124 447
1538 754
1680 494
2495 82
9783 301
6717 1505
1309 474
3955 1354
515 109
2315 740
2004 755
9058 1275
10104 1249
12875 1564
7831 356
974 956
8750 1086
5331 693
3601 158
12407 102
8299 843
7659 824
2708 382
8429 1621
6029 1415
8924 98
12969 1390
9537 1449
3995 1321
9185 1525
8059 1519
10953 1463
3815 1740
12126 1490
5221 759
12754 252
5228 1009
7765 1565
10833 767
10668 565
9138 1341
11388 1482
5725 182
8994 287
7579 1712
13201 1215
11345 635
1308 1513
4302 872
9210 824
11844 1604
13550 1747
9371 415
8465 1211
7260 935
4063 1620
3448 874
7276 1421
4839 226
8770 1615
10140 475
12243 1345
13046 495
10339 1158
6980 789
6836 737
4478 249
13988 1312
4553 1494
4043 248
8995 277
13360 1702
12101 982
912 705
8643 1399
10452 177
2228 894
4962 488
12658 1267
14364 1375
12861 193
6552 1036
5737 1056
13610 409
2780 1030
12588 612
10779 631
1763 462
10132 142
7303 529
2010 1141
855 891
11321 1253
6886 1194
5946 1662
13752 764
10051 1103
3452 1559
1725 714
8456 1314
560 34
7146 1213
1900 316
6785 1225
3354 359
389 1507
7772 755
10331 72
11294 1335
9513 198
8088 21
8264 1543
10695 1742
7371 241
3118 72
12506 1728
14272 1282
13481 582
5661 330
14780 1418
6868 1576
13628 981
1727 379
445 1664
3952 568
10572 438
11643 489
9352 1349
2258 1024
10135 488
4508 648
12007 825
6146 108
3495 1460
10626 1077
10332 500
7744 421
12784 1697
9585 1446
8251 1199
10927 1330
2865 3
13527 397
11320 991
7012 269
13698 1499
7456 952
10796 1174
4152 484
14088 267
3656 1463
13367 813
12374 1414
11469 1167
12958 522
4649 1480
5546 78
4172 777
1077 301
5187 576
440 622
11686 512
3300 222
1849 1397
4582 1273
6284 1488
13675 1592
11922 55
1405 1722
3317 681
11236 574
10210 1124
12312 1245
842 368
12359 718
13270 1152
10009 111
3831 785
8259 1242
7764 1231
6832 708
1022 419
5714 995
2393 1201
899 1288
3408 1323
9151 1300
3969 1225
1555 1708
8225 1252
7530 632
9253 1360
11224 1330
10678 200
1309 404
8049 179
11359 52
3052 369
1761 1531
9776 570
8913 1363
12479 1680
12076 465
8694 1701
2443 1682
8785 439
14667 1233
2975 619
1814 866
10507 128
946 737
2114 442
2712 1310