250 750
2061 712
1013 607
1220 89
53 236
2352 155
806 401
468 19
168 195
1446 655
581 457
1779 202
602 152
458 402
137 53
1389 405
1508 330
1177 568
908 353
1491 696
99 2
40 137
536 252
53 671
1141 387
1134 428
1787 466
1851 591
571 429
1626 464
889 203
728 582
2463 441
599 259
1027 716
1360 208
1327 437
1504 293
603 44
295 453
363 628
2109 564
2480 358
1692 442
537 637
1398 536
1985 418
2040 726
1299 33
404 112
2010 391
2135 14
1270 368
1744 68
1173 370
579 437
2470 386
1472 534
1103 364
1476 345
2393 321
2431 481
152 40
1905 287
1904 408
472 518
2437 360
246 213
1292 297
1933 67
47 334
1859 386
1000 445
718 250
1767 160
1044 618
1272 594
979 555
233 82
48 43
1077 635
1597 680
2441 202
1271 12
1836 425
1158 426
2316 672
967 183
1591 397
203 202
430 101
2067 112
2290 629
834 318
758 672
1148 263
1458 532
1146 90
195 703
1548 63
1681 172
944 413
1881 344
1324 622
1882 738
2031 455
915 267
1517 649
1517 655
1281 92
2238 371
41 285
1252 394
2120 596
1310 173
1000 552
703 739
1269 637
648 430
2274 491
1822 90
256 589
2125 406
2206 564
1439 439
840 423
661 159
171 31
1327 617
702 399
833 737
1200 578
2156 587
1982 486
1104 103
2479 692
161 577
402 549
599 259
2006 242
1622 684
1889 150
1035 339
1030 750
1473 303
2430 699
2240 296
922 737
1993 437
1900 529
1255 298
2435 409
1550 626
646 709
2283 302
2423 705
2449 527
922 102
265 89
2345 449
933 559
599 95
1019 377
1952 364
2112 34
989 541
658 672
1999 187
339 504
712 524
266 411
1599 99
1532 195
828 270
631 269
908 500
233 736
546 492
956 100
2003 590
2164 342
116 431
1266 85
1714 102
1857 306
1912 279
1397 606
901 270
1760 610
452 286
1922 6
1274 92
661 173
1852 49
1128 270
714 491
1486 635
1711 670
1739 275
877 724
2272 540
1658 245
2001 65
316 541
687 514
2416 163
184 594
1642 179
2382 54
920 622
590 86
1766 630
2433 347
178 319
985 309
1474 213
365 441
1832 106
1095 433
2177 427
1174 490
2023 153
1256 334
813 378
1871 347
311 36
1149 583
1252 571
1301 718
962 305
1328 343
666 460
1623 40
1803 594
2140 13
182 446
1608 550
374 378
2366 303
766 556
2101 3
2006 318
100 446
2218 713
1393 691
532 401
917 658
382 132
1664 318
650 307
1467 186