100 275
850 96
43 153
720 16
696 173
264 82
475 134
891 118
194 195
751 32
395 136
121 187
658 37
572 117
126 149
910 18
268 76
554 173
238 41
245 262
956 50
114 200
181 275
372 200
761 127
986 8
735 9
628 98
137 199
324 264
150 20
388 268
413 163
49 217
513 265
654 165
407 38
124 252
966 83
355 152
720 176
830 127
679 179
793 156
115 257
321 265
547 107
730 191
698 117
824 103
598 148
434 68
539 215
57 44
489 192
755 130
491 31
504 241
462 19
415 68
578 267
803 82
210 88
511 192
504 242
43 222
70 268
48 103
533 116
353 112
990 150
776 122
492 249
649 186
946 49
793 107
24 189
726 44
875 99
936 193
657 106
469 76
169 52
354 39
330 236
502 79
893 55
842 151
305 53
749 98
24 228
364 28
502 139
386 4
7 90
542 226
263 237
593 263
67 145
788 110
718 115