3000 1100
11213 492
3389 435
27172 816
27659 466
12775 789
16868 76
24928 117
13472 1072
1134 2
17476 191
2885 828
19088 195
24035 240
20814 273
8991 694
1158 215
8624 91
20386 693
10103 855
23112 678
17228 837
4871 308
20083 740
2980 704
5815 1006
22926 573
16746 777
5088 967
17029 563
27854 241
13794 266
12077 970
10397 383
207 860
5242 287
17098 178
11279 953
21547 321
23355 864
9612 738
26330 436
3241 475
5587 274
17646 1090
25654 1029
29208 820
780 285
14538 878
14367 706
17533 447
2559 100
22713 213
9246 155
23750 277
3263 1002
13839 589
28390 934
19746 941
2922 515
8181 260
23007 525
12781 650
26192 1021
20232 678
6145 666
11713 777
26274 491
2943 599
13340 960
23790 826
9216 797
27224 459
14245 212
22157 968
26724 716
18655 776
5535 260
15764 1091
25547 744
6347 1001
8968 801
26681 841
25440 975
20741 976
12352 578
21062 1048
11810 548
26367 1022
10087 1007
1240 438
2979 363
22334 1088
19919 706
24814 782
10587 258
11881 159
1178 627
8242 420
14803 907
9805 629
21302 983
4208 842
11276 289
12232 855
27882 988
25105 322
4103 511
13798 605
22063 878
29234 361
10894 248
21637 929
17249 475
16582 952
6081 678
22750 764
1824 338
28814 444
7520 290
14382 748
29452 27
1186 453
14077 222
28563 478
26727 367
20596 1019
871 939
5743 644
14690 653
4477 282
26966 141
21739 935
4562 587
16482 43
17713 831
13438 646
4415 570
22081 535
11660 958
3221 190
20618 389
15393 825
23891 869
15145 550
7010 966
3544 122
3610 437
13856 600
22151 755
28508 580
13975 110
27409 1047
1538 920
12409 110
18364 488
26891 716
15754 748
3310 1005
11413 510
8990 32
25575 329
5439 404
17391 431
25996 1070
2517 604
12655 915
20338 249
4256 821
24989 95
93 727
2660 114
10751 613
12139 931
14276 1042
11222 1034
11139 1062
13167 950
2950 429
10679 691
13657 752
24376 161
2231 935
18561 334
27984 783
2851 1080
6681 871
4535 353
2296 229
19107 602
11694 355
2454 539
16613 1096
14592 91
21642 139
19165 185
6135 818
16496 1069
6355 989
8829 149
29845 311
4244 168
7208 257
23895 941
16523 942
2412 671
22511 232
26496 208
28314 409
6766 718
13807 312
4628 865
2868 1044
14017 418
5454 138
21875 854
20787 53
12834 677
8732 281
21214 406
15760 125
10490 562
16555 89
10564 486
22743 784
23382 306
10304 847
26302 217
27899 127
1401 613
28141 1098
848 729
7779 70
25003 160
11135 355
3071 939
12138 876
801 735
11388 99
3201 309
28894 740
4327 1041
19378 222
14307 856
1225 444
18478 67
6 82
69 586
9560 272
14211 788
29394 156
9961 884
2675 867
10814 65
29042 513
14504 810
5979 968
10428 1079
11941 810
6751 1022
22540 1075
3503 473
6178 91
4271 707
17455 782
18777 939
23157 59
16070 321
7849 914
18774 791
13083 145
19560 846
27985 481
12050 222
13207 866
25148 804
16796 897
20409 637
5007 352
456 1085
1636 168
23262 203
13501 724
21489 864
11737 97
4233 445
6126 846
19250 888
17160 25
19395 579
18248 789
27834 306
17636 1003
20541 1063
6237 362
4886 150
21017 495
28621 698
3011 1080
25943 157
18381 31
28664 988
10451 1037
22708 856
4365 997
23580 474
21943 749
20295 836
14942 467
14987 650
28618 197
5010 135
29325 838
21212 21
23557 886
1711 580
27981 1007
15353 1057
27746 1010
16824 538
28136 1021
5196 1024
14066 1059
20446 740
4596 64
24582 969
27769 1052
24487 181
7532 403
27320 497
18030 681
10879 177
14865 836
6589 238
2131 135
23312 199
22055 73
16519 307
17754 520
24748 625
11787 288
15719 862
11707 300
21172 518
23762 425
15293 83
29471 964
7052 984
16792 457
13771 907
29570 661
11080 708
21102 759
11063 612
11699 250
13988 434
11913 527
7552 1057
8305 259
29477 1066
5728 798
26967 504
16606 961
29728 101
25897 74
498 528
25008 366
15082 394
2701 446
29191 473
28160 877
6093 32
7006 942
2431 716
4256 840
1928 387
17576 352
23724 281
26748 419
23734 420
9251 1075
29796 1006
28235 121
8137 716
17292 866
4324 1051
25277 247
737 952
13401 543
12319 161
3869 1041
3610 807
18847 934
8028 438
8120 870
5727 149
17257 326
26469 1058
20031 259
9976 877
25172 45
16264 55
6559 177
24340 999
8020 81
15575 486
4513 933
28460 585
6609 1051
28422 185
7346 739
19238 372
18159 867
16183 1059
9461 357
1280 154
14922 68
20266 1080
10981 503
4119 383
6314 250
29268 564
7130 24
13090 206
1013 831
29438 747
15467 957
27634 652
13813 816
7279 499
3608 228
3981 654
1347 8
22446 438
2299 595
23445 1019
12713 1044
21334 658
16688 996
11225 1034
8139 25
10657 945
20942 19
11616 469
2275 197
18232 125
14321 829
22077 929
28161 378
16240 994
6930 396
24981 104
12233 622
16142 581
21509 459
231 259
20465 18
17867 228
13415 1063
15981 6
9196 100
7261 903
18813 290
9889 235
21149 172
10671 1043
16578 724
5452 995
29641 975
11585 420
16109 590
20765 743
8284 996
16276 231
14073 1089
18484 232
17301 1025
8123 558
20917 636
18043 542
10322 740
27928 956
118 220
18285 91
2447 986
16135 588
29744 363
10627 989
21679 650
17238 325
17776 756
12767 1070
7814 558
17369 465
9578 627
4236 133
13514 940
8698 984
26671 384
5913 551
22368 38
21382 190
22604 387
3594 301
29862 34
2862 281
9417 564
29378 529
16935 344
7212 855
12647 1006
25279 729
17214 133
27787 1008
18465 332
24393 812
10429 407
10806 814
29619 575
26000 740
24695 138
10277 597
29237 334
2703 369
7333 24
15844 692
28366 636
9209 736
23523 717
10328 634
21995 771
19956 293
5670 17
4700 1020
23968 73
5577 482
17972 482
4722 105
28780 476
15653 710
17152 476
24470 315
4027 41
14027 803
29868 1092
16551 329
25157 357
4190 526
14294 410
24080 43
7645 380
6229 506
28943 887
12067 421
21195 174
7528 729
22960 349
13938 843
14807 889
10508 927
24191 25
15274 272
29229 250
4432 212
15427 548
13451 844
11411 962
8842 960
27899 599
1791 917
21355 521
2850 263
24873 534
25871 933
6977 328
5943 726
17576 198
9562 70
10754 127
26483 987
18393 455
27149 567
17707 587
9520 426
11130 931
17537 114
22375 938
1158 239
14462 1046
5606 325
23909 2
8347 442
14677 242
15190 281
19068 635
20936 701
10279 918
14898 496
28891 598
21177 518
24805 418
17835 742
2585 62
7086 1055
17105 552
23060 167
4385 495
7565 598
7941 111
98 149
3830 1066
25413 975
26593 586
28645 167
16288 1040
9184 439
29890 762
11118 1097
22066 800
17403 48
22630 993
11049 234
8674 93
15119 209
25123 60
4671 312
13199 552
25742 898
17629 799
7337 943
21906 896
25970 372
6999 322
18182 358
3518 814
12271 632
22944 720
6978 95
17864 992
27400 227
27677 397
9544 152
1451 315
12099 84
29860 161
12530 938
17990 29
7428 379
14544 781
17058 669
20219 96
10286 490
24538 621
10773 734
2636 832
15053 163
5394 143
2441 704
6038 923
21556 112
7802 383
7147 36
14844 117
2737 709
26430 134
1573 318
3239 455
12773 10
7359 513
24394 464
20417 1040
9221 123
12484 773
28731 585
15917 454
24814 190
29772 81
5481 244
20421 99
12276 558
19960 116
25365 902
15392 100
28124 642
11183 276
19762 530
14961 380
6029 910
10978 808
12527 971
16229 254
7014 603
21956 661
13812 339
28145 467
16670 363
26691 997
13915 88
14236 830
14567 44
20530 813
7132 848
25245 292
17959 514
29926 710
9080 1092
10158 891
9224 267
5307 731
3673 259
17713 1074
24842 1041
12174 1062
20213 215
2895 1071
181 715
12092 404
22140 688
247 486
10431 23
8435 384
5661 436
19667 875
25629 895
8918 775
19052 1001
13760 816
369 434
28403 915
24742 900
14743 928
16675 1033
7820 686
29604 174
2136 688
25974 79
3748 695
9898 429
28275 852
20239 1096
12831 258
3235 126
16260 413
11258 84
25669 860
16517 235
14884 33
21794 69
13819 670
18790 368
27821 1025
28118 182
14806 288
7243 325
28108 539
28588 32
20206 300
9145 875
23081 483
2234 354
6717 709
9794 4
8061 534
1310 826
23336 865
24789 305
15349 374
20900 80
4355 833
11280 453
4707 785
674 493
310 274
18132 459
17680 669
22167 535
26395 527
14582 343
28755 886
5338 210
25383 570
4442 150
7123 678
9444 415
1211 4
1158 120
28255 529
14704 246
18287 53
28984 500
18210 269
24057 768
27243 715
12011 557
876 474
6715 945
21734 296
26644 497
14123 239
4007 133
19587 908
18415 895
26800 510
28564 691
10276 419
12297 49
2159 924
113 799
9752 805
7666 626
16263 1026
14943 4
29381 289
23547 601
29005 834
18916 885
19593 769
15761 780
12961 811
2650 315
1558 339
25048 480
21959 1094
22022 510
12964 708
27039 484
5890 513
17499 99
12720 940
14052 625
3642 236
18485 198
3697 503
1549 763
29713 1035
8892 1087
29024 20
6780 152
23315 335
19557 365
29299 71
4977 567
17504 444
16929 305
7237 831
29392 329
27635 1035
21045 311
26419 246
28596 72
27156 112
14494 932
4335 82
17674 962
25258 875
2369 450
17892 18
15170 388
10017 213
8096 586
15807 724
5379 347
11479 812
20284 174
6607 730
18779 499
12450 381
1287 1006
10850 300
23066 567
20216 431
18555 80
3746 910
13725 613
15957 599
6641 150
25765 675
1078 630
25283 100
19616 704
10946 35
59 394
2249 16
14462 32
23409 1057
5810 827
12897 898
4060 1034
820 40
6196 631
9447 136
28622 805
10817 679
16800 692
18710 560
12842 566
19425 375
14152 309
24077 311
25396 523
5497 124
16729 950
27654 187
17857 1083
13862 391
20098 592
4409 171
1513 254
16548 612
1522 38
23051 490
18224 663
16757 319
24656 642
28911 449
23621 405
20246 160
16030 74
8840 1097
18443 613
12661 1040
13970 1019
10401 188
20149 494
18897 876
16627 219
8348 1068
28848 890
20085 1027
2682 108
27609 152
6235 192
17718 211
17941 690
10391 552
17466 657
22587 823
25116 789
8441 423
17095 70
13532 509
15492 712
10062 676
16453 179
23955 725
6976 617
19632 803
14601 591
28528 136
1563 506
29460 214
19275 351
20709 475
6752 614
27733 52
18894 291
13159 543
1752 597
7448 947
28484 95
24233 837
21318 62
29630 845
9297 679
28023 802
910 514
11646 623
28376 962
27553 920
7997 114
18387 1040
19224 202
15274 20
28333 671
27589 964
15292 1030
21077 258
19977 663
8637 867
23964 1092
29554 795
20705 596
20701 398
4815 244
25709 635
157 404
689 308
11876 127
22875 646
4620 425
3390 488
23371 534
12516 728
8650 224
26886 247
26476 996
3067 905
8808 930
2161 107
13052 261
24936 882
10126 112
26397 1033
20572 281
3129 489
8265 373
19574 1059
29128 442
29577 1016
7969 843
4472 1017
22513 830
21569 1079
19375 279
14967 575
2841 503
16524 55
6040 1007
13836 711
21220 420
21825 489
4121 783
21043 747
17360 939
8043 144
10995 773
14078 477
8455 1026
19527 716
5274 761
7152 548
16118 888
9490 614
5249 321
25372 1078
18764 492
19970 257
7230 439
4059 63
18557 601
6812 364
29788 167
10855 120
24861 416
7521 958
1128 939
12587 1094
24675 88
5915 749
26858 943
5458 284
12773 1042
24249 931
13156 1098
3020 891
19118 348
1737 21
9273 188
4632 435
9832 999
5711 571
25807 444
25285 8
11941 208
7361 267
6308 501
19549 942
15125 498
27673 284
11808 190
27420 928
3922 345
18169 1016
13013 844
15970 789
25645 83
20366 102
26716 44
18636 349
13077 239
27064 796
11760 283
2656 946
5367 124
23498 282
14545 36
6235 194
18806 2
20463 847
2411 459
8249 108
19807 320
26886 723
23358 574
11252 1004
29614 276
9550 661
9254 454
29415 215
1246 469
11193 835
8224 228
28111 1026
20673 410
12279 778
17857 814
13386 77
15903 596
27566 987
1080 78
16973 628
25479 377
26113 335
6539 241
27098 637
28059 758
13527 162
9095 666
3769 574
3235 823
10612 465
696 117
27455 576
3317 552
20310 451
2294 881
21758 25
25947 386
26129 148
2239 994
18588 352
26307 664
4137 126
14793 781
2571 573
29854 827
16309 440
25578 1036
6330 271
6121 770
22411 449
4338 503
20742 678
14252 1069
22306 69
25303 999
1979 117
19019 556
27070 578
26099 566
7147 854
27458 338
8421 956
2711 1019
16170 969
20715 144
11700 114
5294 764
6372 262
21663 575
13833 1057
14864 940
21204 875
2043 102
17356 41
7685 561
14414 580
16153 1018
25021 267
26925 880
4890 343
15270 844
19799 294
16507 308
16163 281
11374 596
6806 23
7848 3
23414 621
11386 935
26570 835
6139 321
3566 1041
6672 876
11300 449
11787 588
15415 328
29012 742
29570 832
29787 934
20355 232
22023 489
19615 518
26843 230
25291 857
22857 177
1835 272
10482 348
6809 246
24602 930
21105 808
20898 442
23579 850
18479 656
6581 795
22137 514
17005 1088
15584 369
1418 798
24361 27
15945 409
25505 112
24815 623
17329 387
15574 4
8570 266
21890 889
14891 775
23393 1077
18382 829
23651 1068
783 1063
735 220
22483 718
9187 729
24043 683
29597 74
331 378
4969 1100
6215 1020
27190 729
204 418
8603 915
22140 413
2496 247
4330 89
21101 729
26604 138
19593 642
10248 13
28479 700
4298 886
3960 105
18298 217
27979 409
7902 534
22145 641
24257 1035
23959 1068
6930 501
22205 732
17004 276
24761 92
16221 921
20858 795
25498 207
16253 649
12141 1003
19455 213
17988 792
13902 23
24758 726
488 126
14269 443
9095 772
12960 304
9783 740
19683 266
23162 659
29831 1085
4401 795
24713 630
29330 609
29263 952
13311 340
12703 907
1500 236
22429 802
5697 716
10183 1098
3857 262
14251 718
10466 148
4113 319
1036 1053
12873 605
3863 475
146 929
10549 495
10408 689
14924 120
12781 754
29888 190
27387 61
23639 575
5114 523
24033 386
16363 130
17398 787
14908 745
18122 702
23219 794
18861 356
12107 516
8191 1079
26642 182
21155 848
26403 211
16219 531
8437 55
13318 586
27991 460
29565 457
16176 262
11728 1059
15080 323
4091 886
6555 531
16210 801
15098 678
26191 404
24560 109
19802 801
29155 595
26084 979
27027 458
21750 369
22033 602
29490 440
16618 217
11967 969
28980 452
24693 645
15947 476
19799 772
11686 534
21245 320
11546 268
17877 940
25339 676
13769 191
10569 436
21199 719
2737 242
11885 121
5011 14
29427 747
8027 594
29878 184
27535 153
24715 169
1429 920
1650 1089
25389 668
2674 948
10136 1064
1283 176
5130 182
17431 355
16928 79
23313 994
1486 6
22004 525
3668 706
27759 698
14941 480
4927 856
13773 102
29232 846
15992 661
25531 170
16654 796
13871 1074
20248 816
6877 314
27962 891
25624 779
6996 864
13190 169
8385 897
19677 250
11254 489
28818 28
878 22
21777 830
6627 763
15120 95
22319 996
2466 118
29964 344
2738 1034
15243 266
22906 784
19061 397
16285 653
4326 824
10189 1088
8029 938
18515 641
25029 342
18545 699
8548 535
14952 339
16741 532
16795 118
20643 607
9344 941
4109 336
6119 927
19405 575
24330 625
9964 336
6088 713
28146 200
15876 60
6494 319
9751 353
28157 34
27062 1005
20513 627
19838 618
19555 897
7310 563
12469 340
16234 831
18529 814
15991 329
27796 528
28747 685
2469 923
18367 961
878 1086
13295 443
2852 1077
3566 270
16968 1038
18732 611
22137 435
17275 717
9919 485
22130 954
6292 917
11165 72
27678 688
26618 123
13742 1051
435 979
11804 989
26940 559
2144 38
1527 850
15159 1050
635 183
8673 746
20584 897
3357 409
29567 64
9516 473
29686 823
18084 1051
16107 266
571 902
21167 449
27097 461
8776 740
16915 549
26063 515
286 137
25269 63
10291 750
19240 414
12691 662
13513 855
17592 610
28329 45
786 493
6563 401
20644 463
9449 802
376 757
20302 662
20515 391
15985 87
4426 462
18758 288
15645 115
671 202
5279 706
26262 338
5132 1080
25006 1088
5734 227
22365 824
1377 148
23622 213
10143 957
23036 488
28236 492
29640 58
21233 1052
2756 1084
351 469
834 489
23394 6
15602 377
8744 306
12139 479
12348 293
15407 539
23948 392
7103 162
21685 875
18669 938
1757 373
29617 453
9151 148
2765 1082
15909 657
29006 717
437 569
5738 965
13569 21
24126 525
11852 554
20153 942
16862 386
19145 907
27804 806
6574 240
25922 587
14900 442
80 1004
6926 387
12455 973
9946 45
7389 473
12149 706
8079 939
18408 744
4333 329
2143 47
10190 64
27113 669
4947 31
26314 1070
11 36
19782 1075
19845 360
6845 540
22753 505
208 580
1733 292
2181 292
26551 1037
2234 44
28230 818
14268 858
9096 42
22758 151
5012 1017
685 1059
20569 562
10995 822
6924 564
29418 320
28005 529
9280 18
20929 978
1624 853
23083 335
18436 507
15008 341
8440 922
9361 685
2131 929
15226 108
12154 826
4356 484
700 732
2331 742
10068 240
12919 175
29483 881
17863 1058
703 951
14099 15
18442 845
12437 721
5603 955
3721 731
28698 262
7597 980
12746 85
12693 705
8918 615
16957 852
18550 643
12718 319
17950 786
13126 362
10946 144
15123 705
6476 537
10893 35
10141 62
9936 291
24701 216
28693 657
18835 68
28805 60
1361 258
13773 384
12995 910
9876 888
9824 444
4136 612
13738 815
14788 130
11811 865
23527 708
4620 122
4715 414
5662 788
10524 984
7591 774
21675 843
12964 970
25360 532
9195 31
23677 629
307 375
4626 463
26317 546
25823 65
14397 647
28934 32
16300 260
8106 840
9923 233
26279 999
16153 494
12078 915
2305 827
4882 83
8760 78
4097 612
12138 760
10589 90
2550 907
18255 504
7691 442
23650 74
5125 1076
12037 553
23119 773
6828 148
20520 948
29304 899
3813 249
18169 667
17580 675
11200 244
20940 491
16657 314
14602 509
16671 723
4232 973
17971 1062
12059 1094
13005 334
20694 386
26293 389
2905 111
14187 51
27255 1097
18973 791
18808 997
28217 882
21581 1064
24614 979
14728 697
20263 901
11335 491
25115 144
1117 954
17847 241
5122 1007
28342 1056
18292 833
19386 106
29344 1039
20357 423
28028 496
17162 837
8684 518
29076 359
7566 908
29618 391
22341 212
23045 320
24286 725
10596 774
1888 216
15190 965
12230 740
28156 268
9346 527
5194 39
13727 220
18833 31
25893 792
7040 263
6429 590
25073 8
1270 969
26330 891
19891 688
6639 877
3768 764
4599 938
13003 40
28004 473
17345 450
4869 216
16202 191
25192 748
22766 273
15146 369
21721 594
11985 413
29750 1077
20682 41
8130 425
6508 796
3517 992
4936 781
4714 631
1912 1075
11048 678
19143 517
5539 189
28754 609
18816 979
17789 1058
2167 147
12662 21
23531 999
13879 549
25930 316
190 913
19617 676
302 318
26687 598
20958 580
25127 662
6052 341
18825 572
21113 365
20626 285
5886 962
18559 602
16949 1078
17540 629
17114 647
29604 772
11812 418
29106 996
12543 369
6336 475
3087 337
8063 961
9702 846
881 670
28287 282
13599 15
16027 532
14045 496
19449 230
26074 911
13824 1021
3895 445
2839 956
8498 1055
24947 59
8248 984
13990 313
19818 782
11691 377
5644 913
2704 1014
7172 426
4563 251
11414 189
15096 917
15657 399
11799 137
20832 185
16354 1035
29723 521
24345 381
7019 648
6544 315
11990 550
8053 101
1516 478
24179 690
11477 1041
1079 824
6501 35
5598 497
23442 601
17098 357
389 842
24202 792
10953 511
20739 645
11984 207
4694 487
9569 681
4841 361
19505 478
14595 1030
17840 8
8108 145
6635 44
22652 250
12822 781
10140 840
10171 161
14901 46
2481 354
1556 648
13160 146
13177 273
7909 962
551 533
21346 403
25821 426
26994 461
72 743
28163 966
1306 566
21704 286
12487 511
7320 6
23387 797
11895 637
20144 120
28774 49
24390 841
17465 506
15209 103
11240 547
1691 379
24210 721
17767 131
463 291
5359 945
8052 1050
6974 1081
3983 318
10165 920
15314 924
11041 790
460 422
26779 1013
11976 258
5452 185
15476 485
27583 1050
7932 406
19748 66
22027 942
1525 813
22483 946
25778 842
19226 167
22275 977
25952 117
7444 362
2000 754
12406 748
17274 334
21185 629
2442 507
12160 610
23108 1050
13086 372
14245 590
1416 666
28050 666
14449 349
4602 237
8366 207
6614 492
1570 391
14748 689
1708 1023
20575 651
27267 1006
25680 644
10492 1010
15805 417
21140 37
22403 1088
22773 15
5713 1058
12933 361
29131 537
9483 535
1804 506
16055 1008
12883 453
2304 273
16258 577
29310 248
3508 949
11364 454
19569 914
11448 654
27193 1065
23925 1071
8801 926
5064 438
21996 42
5805 718
22086 65
22743 827
3319 726
29992 899
4774 203
25305 82
3944 908
21594 1087
14347 860
2145 725
11157 633
17431 408
5390 521
17721 937
28669 931
12540 794
16570 1100
17732 938
21787 499
19327 51
13435 72
13579 529
8734 628
3823 220
5719 665
8317 492
7344 487
12655 326
21674 190
6833 584
16535 710
19669 279
14562 527
27401 495
10903 878
20912 611
24211 546
4184 26
6614 830
16249 404
16671 409
15742 1052
13476 406
9296 666
6035 103
9467 942
4697 201
2385 1025
16506 511
25937 552
12882 299
15166 787
141 619
15172 1079
25959 1039
20323 668
19202 159
2346 848
14826 675
19472 222
30000 943
16963 149
9891 78
13286 1029
24589 1097
21446 820
11267 187
15100 584
3174 677
886 624
12239 808
27585 886
23983 123
487 958
64 305
9384 954
28254 1068
3606 230
22093 899
273 358
9890 291
11923 1032
13717 465
4721 1099
10355 194
12528 762
801 875
14843 1030
3356 357
3043 489
19080 1007
1014 643
1894 643
10264 294
20871 280
29783 102
19544 1024
25057 603
24367 531
8895 695
13632 393
4277 835
24767 735
3165 726
29804 719
23802 219
11532 1040
21423 1033
3266 19
21245 624
26036 942
11474 507
26872 396
4314 635
8757 772
5268 963
24759 608
11780 85
28122 810
23683 782
11958 415
15622 1011
24266 1056
2581 87
20869 906
3430 858
11429 1007
2253 297
4091 56
26542 177
21300 393
1987 19
9577 52
12981 994
252 1090
17444 868
2646 562
14965 677
3540 240
26959 1098
20714 419
18745 926
3688 318
7649 441
12925 197
6787 521
13131 255
29466 1008
10559 557
5796 23
11195 846
4776 624
17811 624
14246 52
11078 44
12141 680
18489 1029
14490 355
10698 114
1883 79
29326 959
2532 703
22213 700
16121 88
23949 795
9357 722
12560 399
28667 118
9585 748
10497 445
8032 572
21819 837
8724 95
21929 344
1882 221
15928 604
21711 224
753 288
20587 1005
24427 619
18006 971
8480 71
11434 17
28740 982
13892 278
23902 259
20531 247
18548 882
23700 447
18904 815
1932 815
26461 1096
26672 739
28094 647
26054 503
9480 1031
870 923
21553 940
5997 518
15931 361
25747 279
5870 741
21384 478
8918 975
8292 610
23778 631
25241 975
19432 978
22534 873
27582 38
28887 1060
5905 659
14562 27
11596 377
5571 65
21348 32
20146 916
7500 400
12376 1012
4871 104
2506 1099
1618 1068
9808 172
8087 597
26923 737
23033 760
25260 908
14334 590
27295 8
20848 178
6208 629
16992 698
17253 152
19114 767
5045 195
13934 1007
27010 1084
17517 704
18732 981
19643 218
26510 770
1841 991
1227 809
28141 461
14159 989
5052 528
14385 615
7858 710
9598 46
13159 422
14785 802
13843 448
13641 96
12193 703
18783 291
20763 681
6622 99
20606 722
4231 5
8403 645
23212 562
27474 1028
22655 857
25523 876
20760 595
26353 687
622 646
8109 1006
21650 905
3286 37
14761 826
25008 87
24601 224
939 206
11052 513
15626 439
20112 761
24302 770
16056 1088
29557 1045
5738 796
13016 833
23671 905
15543 450
29466 858
5065 1013
8144 705
19395 513
1568 23
13546 62
4246 604
5790 849
11998 723
6832 1088
18657 1019
29117 787
26830 247
10748 570
10029 1069
12359 748
2926 6
10601 464
3574 600
22045 1014
23917 733
23575 850
12883 675
18632 369
15392 935
23052 1015
20350 242
19855 255
28491 325
9746 237
25688 408
7914 876
8192 609
22784 886
21048 1032
1210 929
12870 674
10197 654
15747 71
199 380
8134 143
7456 978
27176 1058
5180 829
17596 47
24495 847
9879 895
15137 113
13972 441
15952 236
8221 841
21849 565
5212 851
19747 49
17893 786
138 312
22768 578
21646 15
28107 990
11859 937
23070 262
19554 324
14776 610
15750 576
24573 510
8191 495
14593 765
11010 661
4910 719
4478 884
23527 477
8461 907
20576 408
26554 195
25432 807
11582 627
8224 626
20080 572
7538 799
27502 405
4348 662
21413 1029
12727 775
19984 220
20527 1051
25753 351
28255 104
8573 736
6993 651
23026 537
2984 123
19591 177
29060 897
13942 878
5323 304
1065 1045
3568 597
21140 763
6432 242
7696 278
13360 485
23140 430
11753 462
24637 379
27257 254
11002 412
832 741
28017 672
23826 238
2413 906
25908 537
24465 700
99 427
12038 758
21376 31
7007 423
6723 944
21690 63
22684 438
12044 56
27687 891
24787 379
18036 1091
17013 409
5418 1031
14501 506
8390 746
13975 336
4546 302
13195 142
24614 698
9589 802
4152 90
14863 432
6710 289
21622 836
17517 128
960 768
10635 418
8811 712
20291 480
19842 134
28607 573
17058 539
11804 372
2105 674
9381 567
6821 37
23993 432
1536 105
1290 118
23289 24
28210 254
8915 909
4570 639
16095 228
5649 93
14372 771
18941 468
28387 560
7260 865
21104 764
22801 37
28892 922
13437 442
12283 463
11111 909
13969 337
732 679
29000 670
6553 69
3214 358
29269 368
21713 138
9190 896
11711 459
3489 1055
4282 598
12987 744
14039 349
6815 513
26479 702
21446 117
23078 277
4040 1009
4763 836
28576 969
23706 804
1491 545
6906 566
12159 116
10624 584
13231 348
28242 293
1282 838
4419 985
29243 925
13383 957
20649 235
24153 624
12158 799
614 565
1394 352
5506 83
22037 199
28232 551
27323 2
14928 179
15018 358
26507 658
1415 328
19923 134
7347 183
16077 951
15570 359
13425 1091
12662 153
6480 24
18917 515
16813 606
3223 976
5745 1045
29631 855
22240 983
6951 780
20882 180
12102 912
12873 590
5609 653
17128 169
3048 976
10574 89
5037 799
1982 206
10962 399
115 484
23568 498
11409 367
27304 782
25762 61
7281 912
7915 13
18450 600
11009 832
1741 113
4101 580
29016 836
7280 1000
23775 919
11617 325
23915 350
389 350
16199 134
11847 934
17774 605
26821 331
26108 869
25474 39
14839 611
12444 352
827 927
6106 783
4203 711
11846 862
21694 866
7273 518
24795 846
19933 67
27769 790
17704 382
9500 1083
15684 578
28119 397
29191 542
24892 621
29779 1065
6849 149
25486 271
2986 646
23129 935
14834 566
21782 124
23243 416
26085 170
852 223
29860 841
20677 796
2382 336
5918 746
29632 76
18032 342
19315 920
24265 1034
14317 512
20854 51
4519 330
29530 766
21199 281
1552 69
7571 5
11869 590
9334 355
20895 354
13179 770
10101 289
10765 626
20779 802
11308 133
3834 440
24335 540
21053 43
4250 31
6082 934
25783 754
26834 12
15015 212
5278 870
9485 554
5635 832
384 916
3036 20
27273 928
1332 205
10840 225
8863 980
785 320
18419 225
29159 561
19475 56
17312 441
4078 828
7383 420
8063 1053
28294 389
9646 746
12453 972
22911 416
19261 591
9143 49
1892 273
4053 278
14140 891
28853 325
19119 751
2119 823
9345 973
29616 2
14213 1055
15910 708
16959 970
13727 851
11975 355
23997 421
10541 41
3199 205
17161 62
23539 542
1858 924
11036 469
26879 224
14054 443
14163 867
6033 741
21006 1031
531 42
9021 795
11773 547
19486 703
26501 709
26990 404
21063 989
4470 640
7893 385
204 531
160 712
21329 844
14402 864
24591 225
15820 365
23553 714
6740 771
5294 851
15481 322
20043 748
14282 822
3345 676
9655 427
16456 1058
23201 201
11975 134
15702 187
17065 849
7845 787
7155 1080
22219 952
527 511
9407 900
16509 175
7079 620
24394 1043
24072 273
2027 639
13708 367
12155 1036
8688 476
19482 992
23299 668
7766 196
16313 699
26416 47
20312 708
7232 762
14348 710
24440 124
8366 355
7175 287
12131 383
7922 157
27506 712
19936 6
2046 28
6354 558
7507 330
19010 236
27180 212
21076 674
23069 587
5130 22
6744 492
18038 543
11133 657
24758 835
6558 414
12273 876
12806 798
8141 434
12895 336
10868 724
5524 237
28568 1003
15147 182
22113 796
7518 53
27392 430
24112 493
6515 149
10053 256
20855 511
272 776
21424 531
20975 949
16427 446
1270 163
19354 481
11802 73
23028 672
13271 802
25521 346
7821 186
22368 93
4584 55
21194 199
25147 771
20204 751
4697 787
3861 1095
482 1058
2542 96
25348 385
9064 755
27341 250
8092 303
6515 695
1620 745
19358 1073
11579 136
12196 149
14916 634
26687 865
13833 388
16087 795
15902 503
19092 388
1828 845
17962 467
24656 267
7747 586
28599 302
20488 479
14286 318
7293 1060
1243 960
3779 439
17268 991
721 692
27567 108
2435 971
7566 194
24103 598
7946 444
23343 751
19613 486
13803 141
26992 871
29777 807
20121 725
330 414
23364 1046
7725 234
23845 681
24688 114
6576 647
29095 787
19322 156
23011 963
15708 930
29690 543
27782 525
4875 607
27337 250
27342 974
4253 801
18954 174
67 1053
20148 946
17516 33
16709 48
27804 791
10243 390
25455 565
1318 668
3087 485
15092 67
9218 66
26501 699
1032 520
23818 492
484 825
5997 23
9230 90
10525 782
5453 703
21271 94
22269 199
23618 896
14742 639
14760 794
3365 13
12417 616
7234 444
1933 111
13310 499
13914 811
16642 917
19778 188
6216 1090
26098 413
833 717
19832 1004
291 534
19267 448
28590 844
23915 13
21807 526
24825 32
17613 581
25029 806
28484 12
29693 178
19745 56
1584 378
29516 167
22391 146
12686 858
7134 182
26348 1052
23409 902
8278 472
22804 673
7045 39
12323 810
17331 93
25655 472
11093 564
4535 968
24652 472
6396 724
10300 841
3840 347
29730 665
13259 261
8563 111
22829 625
691 4
27676 1088
6615 624
10228 248
24515 313
2033 207
29194 775
4989 925
26184 669
13894 690
11129 56
21829 416
11065 447
14350 530
11498 337
28714 916
11659 622
1351 404
10265 495
28257 427
13655 508
15864 830
27558 1060
1194 60
2686 1077
7300 1084
5723 1002
26399 147
4695 64
2824 1052
20994 594
21286 137
17333 995
17948 1003
6741 366
19217 780
25388 906
19345 524
28656 757
15083 466
28679 855
22617 822
16311 690
27100 385
26853 670
16904 487
25176 755
27907 1013
14216 541
26317 398
29848 368
26320 1026
22559 993
25086 599
4605 164
22331 211
4380 931
15752 453
372 1084
11395 141
6485 900
14863 30
6642 952
29648 271
24862 156
4221 968
29595 763
4766 1016
6731 637
6967 972
26400 230
16691 401
5168 437
4696 793
12604 406
15021 1045
26854 425
13132 512
2063 1013
2217 378
28906 865
8956 53
6440 827
27015 439
25363 962
26897 172
29145 362
17088 17
27044 1091
11405 949
19587 22
10813 151
12817 627
23302 28
24367 918
22279 892
5600 528
4938 110
14223 40
10443 983
10705 17
21393 974
22297 170
27860 512
14503 1093
6898 1041
3978 947
11814 159
29971 201
25186 822
22775 564
15221 1024
22600 457
6900 955
18390 647
10933 1026
20206 208
11456 146
10033 404
20875 329
2079 607
3118 856
17771 418
12017 978
26125 46
13579 962
26834 693
157 111
26540 22
15228 805
20798 383
26660 213
28718 741
7142 977
26872 783
18650 851
25426 518
15055 975
29529 1019
7461 968
13116 834
7483 1068
9519 473
15937 948
3418 313
8542 49
18135 689
4493 123
23985 1067
12060 843
25781 496
11749 628
10940 318
7498 92
10015 979
13264 332
24326 355
5421 597
14392 597
26838 251
28675 570
13325 256
24704 12
17174 341
6736 132
10331 419
7699 332
11916 104
441 589
18353 72
23270 116
20056 293
17705 326
24557 518
7279 852
4603 396
16391 506
25459 451
24886 1007
17204 100
5750 856
22672 67
8232 106
25683 708
19295 1068
15911 593
23364 771
1598 324
26562 525
8117 605
5726 620
22010 43
14272 420
14952 338
13587 633
22879 116
13797 173
5164 68