1000 1230
5054 1183
2785 74
8096 196
6375 1033
787 1061
8833 456
3405 966
480 354
6429 585
1047 1102
5010 516
3022 177
83 1087
4993 424
8398 879
9589 51
3633 1175
2110 534
3978 978
6866 1181
7465 792
7926 351
8857 174
2125 202
3760 824
4394 734
2991 436
1194 15
6 992
4148 56
5259 368
848 973
2847 665
4540 372
3303 503
7112 807
3406 799
5115 378
7554 863
9839 466
3978 358
6612 788
3567 641
9904 304
6412 201
3594 246
3794 502
7734 122
7351 619
169 124
4304 122
4282 1019
4820 138
957 1101
9701 164
8574 230
1344 790
3032 1017
8948 584
4989 1133
278 768
1039 130
5121 297
9530 1149
9055 1021
2376 545
641 731
1549 993
8459 1001
5829 327
5960 916
1717 1095
3568 72
282 935
7740 189
3195 519
5383 980
9335 848
4376 329
691 747
7448 268
6146 177
4662 565
2756 908
7877 589
2062 1121
9111 1224
7488 367
73 505
578 1051
6758 486
833 745
2657 642
1744 1090
5839 507
2510 606
9352 305
3336 30
4101 181
9518 847
7555 888
7880 1018
8233 142
7588 1017
8881 697
6642 875
9346 1224
2807 317
165 283
8191 495
9478 344
7324 985
2043 450
284 590
8140 840
5180 315
2752 284
1874 817
8375 842
4415 175
1582 732
7269 155
874 18
3351 580
5759 1036
9300 109
5313 921
4611 282
5874 195
3570 427
7158 905
3779 1211
5818 601
2165 583
6628 768
7757 488
5117 725
4377 1198
9536 983
7048 173
8470 960
9119 1008
157 298
5150 720
5458 906
5035 20
66 419
7712 490
647 212
6614 339
5467 402
243 179
2616 330
8437 1
3349 269
5772 502
2479 726
9826 976
4133 537
9952 262
9172 973
8105 356
7054 365
2539 901
2441 1056
6012 226
1000 143
7316 1021
3809 162
9560 423
7699 845
6330 929
7019 282
5750 138
5588 18
9396 65
6434 1069
8634 832
3402 1085
9492 441
2693 389
6886 1143
2464 926
573 1031
1355 816
9866 1160
34 1187
2124 621
4124 1062
5581 550
7866 1098
2303 267
6823 914
7113 773
8487 635
3752 1026
3646 134
2445 632
5077 352
3985 973
4879 4
9966 286
1559 1006
8152 263
2408 507
1367 412
983 1015
7844 932
3200 615
2392 993
136 542
8937 70
8686 422
6191 477
3477 63
7214 890
567 387
293 931
611 535
4671 874
6035 450
917 445
6053 993
6836 1062
1824 843
7124 597
4274 523
3734 325
2302 468
4261 768
6803 262
2611 271
8171 567
1204 1184
4842 35
3638 1121
4288 288
4690 819
6811 1050
6629 767
4050 205
7053 878
5896 914
5150 284
167 783
8921 472
7984 451
7447 722
5165 718
5649 254
3669 1084
6786 190
1097 81
7768 1228
8090 787
35 698
3652 710
3022 1006
6146 402
3024 477
709 1130
4027 385
359 797
1898 346
5972 482
139 486
6640 530
8705 299
7915 1064
3214 241
5026 403
2636 693
3581 647
8394 260
1440 85
6071 381
4083 66
7592 379
3198 1110
6384 810
6099 1093
7490 1179
4404 809
7345 39
4547 874
3172 443
5817 791
5489 1079
9503 1068
4798 611
4406 985
192 985
6549 424
9157 162
5931 51
545 1120
4337 487
1902 87
2320 623
8918 559
3720 527
6174 239
40 506
9638 1051
1822 780
2303 647
975 730
8974 1133
8911 1016
4978 594
1270 30
4408 1160
8344 360
2453 581
3241 677
8876 135
6893 243
3837 168
7509 360
971 878
7362 66
7892 598
7146 852
4953 530
3622 827
5412 1218
9629 779
9918 1018
7078 201
7675 587
3343 463
7914 839
9221 725
1566 801
9908 496
7759 85
8998 640
9103 804
7868 736
1966 124
6388 290
3198 395
3138 712
1527 497
2794 603
5615 1120
6411 689
5568 858
3069 429
7816 84
9363 29
4139 5
3889 1093
1239 1036
9524 717
2339 195
5065 739
1299 864
7065 342
6007 291
8421 410
4258 827
6341 318
357 779
4148 628
5639 624
4151 456
2228 341
1731 191
6490 5
3980 461
9609 173
3786 770
530 525
1644 618
7971 897
1998 989
6268 498
6512 216
5899 485
7901 455
9716 195
728 1084
3770 351
7487 1056
1923 1096
1914 351
3060 1003
3741 682
5002 841
536 178
1113 624
9767 821
1209 488
2918 1169
6839 9
8327 316
9894 117
3243 314
3411 424
516 458
9103 1170
982 709
6449 621
6318 766
5528 1187
7193 254
2375 1126
1850 1011
587 388
4215 161
5620 578
437 1165
6665 1039
7328 83
3186 960
3803 960
226 872
4539 166
6188 772
2807 1039
5349 560
5688 381
550 132
2165 758
4566 475
988 746
8059 795
6638 572
430 957
2914 446
6457 6
1152 820
1652 502
6139 988
1712 518
4130 859
2691 911
7123 173
2195 301
2301 88
8508 560
3735 990
1317 862
8637 1176
5233 783
3421 1040
1429 86
1368 406
3107 257
4619 879
7181 706
3904 1136
501 950
4131 1138
697 1149
4100 106
9169 26
4848 163
7287 57
445 1179
8215 1180
8453 494
9384 875
3616 1209
8459 572
8091 648
1123 479
2883 648
1109 1031
8158 776
571 980
7472 413
6512 769
6958 219
9135 680
9715 1151
5756 1214
4098 1198
4001 823
7367 438
9376 286
9046 596
7616 1086
8947 658
445 692
8975 81
7591 1097
2042 379
3841 1100
8330 13
2999 844
4424 321
914 1151
264 1050
2281 1004
8073 719
1074 654
5399 1112
2227 948
212 1020
6933 469
355 861
8496 834
6474 519
8322 659
5895 536
4388 593
1920 1022
7367 441
3568 1210
1905 397
4269 641
5665 626
6076 317
8851 165
4965 1058
2153 635
2623 234
7815 380
4835 577
2285 133
8703 1009
8253 157
9088 280
3566 253
5807 573
7998 6
4436 866
652 1066
3458 184
9505 858
4272 687
1130 1135
6876 729
7897 233
9895 1230
3196 16
355 805
3532 976
2695 910
3569 801
5504 895
7025 1062
8705 1133
1615 419
326 72
8551 70
6176 297
7218 635
256 821
2275 522
572 1075
8508 384
1599 1029
4808 967
2214 541
1962 239
8388 998
4561 184
4928 981
5962 440
7123 693
7116 678
8413 873
8065 539
4918 949
5781 230
2587 741
1145 912
9464 479
1497 785
8455 447
1028 576
1226 147
7281 378
3322 1028
241 469
4166 220
3703 1054
4639 391
4126 521
1147 272
7915 1130
2632 966
337 744
3341 74
2044 447
7479 110
3184 438
5781 886
7938 925
6961 1188
1977 595
7166 198
4005 281
5081 676
4835 268
2942 1085
9189 661
3403 457
7757 852
7588 318
4105 713
9445 155
9275 1132
4053 168
3720 503
6070 380
6397 26
2734 598
4809 721
6441 224
5036 635
7546 60
397 234
7378 1191
1004 614
9513 659
2037 1198
2202 251
7947 982
6712 983
1216 1225
8369 319
560 753
3564 1091
1777 415
1884 425
8351 610
1133 471
6816 344
5390 181
4478 1029
3575 808
1221 929
4666 107
1009 768
6238 834
741 754
3304 616
244 291
3229 151
3033 946
9348 185
9913 448
7386 1178
2874 1203
2404 64
7983 75
8657 1227
2971 52
3369 952
4916 973
5566 1010
9148 263
5695 344
7770 833
4805 66
5935 467
5805 168
9191 829
2370 62
3764 1133
2743 875
9977 642
1275 59
9864 393
4151 832
9764 170
997 627
8116 616
3622 1170
4363 910
1560 520
55 999
7156 218
489 200
1296 740
8468 335
3839 808
7383 409
4002 1041
2701 940
2980 492
4356 901
422 828
2308 1007
831 432
6023 294
5395 955
2856 594
8768 423
8251 724
3709 107
9160 133
9738 291
5116 1206
7291 929
5202 499
8917 542
3834 631
7637 480
5907 1164
5985 382
1308 1222
9449 83
8628 52
2631 296
8593 405
9609 745
457 734
589 479
1288 649
3028 519
1528 748
6788 1040
2148 826
5648 641
3658 483
1945 662
1788 155
7736 813
2969 135
1873 33
3443 762
2681 459
6724 845
5158 593
6724 1028
4374 1040
5364 1049
9123 1095
5105 57
8485 857
3691 67
5643 383
8925 1209
7418 291
851 981
2505 1067
6151 140
5390 455
1304 902
9447 758
8348 1212
1177 191
708 387
3861 715
5664 1167
3665 664
2021 53
5657 543
4798 142
2341 394
6068 1129
7710 499
9673 1008
895 1026
9425 666
1351 1145
6750 247
6247 1037
2111 553
505 509
6037 1032
1417 69
7729 701
9284 681
1003 336
3224 146
7597 968
1326 121
7752 777
5318 969
9178 769
5239 1074
803 260
7190 715
1225 780
850 1187
6909 744
532 358
9002 91
3762 729
6697 212
7012 164
3093 243
5987 470
7402 339
8743 437
1243 806
9535 1149
6550 1194
5005 1076
3729 74
5289 312
74 303
2783 1063
3067 950
3476 1200
9008 1203
5070 1206
8351 1229
8543 1101
6498 280
6715 325
4717 1088
7006 911
9719 752
6459 302
8871 579
6852 134
9500 133
5401 417
8189 1133
5499 634
3055 816
2751 103
9428 174
3761 1085
3088 540
5 309
6042 729
1372 155
4508 656
465 278
9887 215
3343 1022
9655 607
9466 185
672 357
465 337
9209 731
3804 993
3718 1136
2306 374
6950 725
6731 842
6803 559
7378 307
3 904
7285 799
182 576
9052 102
115 1063
1539 607
4654 436
9574 342
7484 575
5650 973
5324 1026
419 130
2941 27
5446 508
1577 175
2847 1176
6216 1148
3679 223
3274 689
6411 585
1010 804
3744 1162
2348 654
9160 666
2118 570
2716 979
9986 907
7020 430
7461 198
7723 952
1461 1226
2761 7
2185 140
6955 51
6483 87
9334 634
3570 681
5991 434
3887 103
3793 408
6555 734
8134 1002
494 780
7875 85
7262 1132
8755 828
6989 645
9717 43
3964 283
5957 736
4862 368
6080 658
4921 185
236 670
3619 618
6940 603
6582 418
2331 742
7250 512
9853 818
6893 1211
3002 739
1528 824
8264 945
7350 400
6621 76
9479 200
321 329
1227 1183
598 1054
5163 983
8029 1197
7396 607
8807 1021
5659 310
3492 793
5081 157
8305 183
2998 842
8583 21
8611 606
5592 1020
511 200
7971 921
6183 463
1996 578
8294 112
6099 368
8513 137
8251 349
7893 555
7189 358
462 1153
8697 541
100 189
4027 348
1941 95
3351 1222
7396 141
7783 1079
8865 73
7242 733
4212 990
3523 314
8727 579
9884 984
3066 74
5172 1143
6397 991
2696 20
2038 1110
51 895
5640 289
3388 121
7167 577
7568 23
6185 169
5616 117
4019 269
4297 152
5127 1185
9805 162
2936 698
9597 86
145 441
3707 1060
950 342
9229 97
5324 680
3688 1062
6968 395
3752 338
8249 63
2242 1095
3752 296
160 893
5542 89
1832 249
2880 464
8381 1057
3624 303
4452 1224
7047 1172
7598 245
4089 717
8835 962
3299 313
5176 746
3545 798
5013 1112
999 236
353 214
540 891
9380 684
1843 291
189 101
8086 1189
9416 219
3138 222